0 70
0 52
1 2
1 70
1 14
1 59
1 41
1 52
1 54
1 57
1 40
1 94
1 68
1 69
1 72
1 73
1 76
1 16
1 15
1 9
1 46
1 47
1 48
1 11
1 55
1 56
1 60
2 14
2 37
2 59
2 70
2 41
2 43
2 24
2 52
2 54
2 57
2 40
2 32
2 94
2 68
2 69
2 72
2 73
2 76
2 81
2 63
2 16
2 45
2 46
2 47
2 48
2 11
2 49
2 55
2 56
2 60
2 89
3 70
4 70
5 70
6 70
7 70
7 12
8 70
9 70
9 14
9 52
9 69
9 63
9 48
9 89
9 28
9 51
10 39
10 70
10 78
11 70
11 14
11 41
11 43
11 52
11 54
11 57
11 94
11 68
11 69
11 72
11 73
11 76
11 47
11 48
11 55
11 60
12 44
12 71
12 70
12 31
12 26
12 33
12 34
13 71
13 70
13 51
13 80
14 70
14 77
14 15
14 59
14 41
14 43
14 54
14 57
14 40
14 32
14 94
14 68
14 69
14 72
14 73
14 76
14 81
14 63
14 45
14 46
14 47
14 48
14 58
14 49
14 51
14 55
14 60
14 89
15 70
15 41
15 52
15 57
15 40
15 32
15 94
15 68
15 69
15 72
15 73
15 63
15 45
15 46
15 47
15 48
15 56
15 60
15 88
16 24
16 70
16 77
16 59
16 41
16 52
16 54
16 40
16 32
16 68
16 69
16 76
16 45
16 46
16 47
16 48
16 49
16 60
17 70
17 38
17 18
17 19
17 86
18 70
18 38
18 19
18 67
18 86
19 70
19 38
19 86
20 70
21 70
21 30
22 84
22 70
22 66
22 83
22 90
22 25
22 27
22 28
22 26
23 70
24 70
24 54
24 40
25 84
25 70
25 66
25 83
25 90
25 27
25 28
26 71
26 70
26 77
26 40
26 53
27 84
27 70
27 66
27 83
27 90
28 84
28 70
28 66
28 40
28 51
28 83
28 90
29 84
29 70
29 66
29 32
30 70
31 71
31 70
31 77
31 33
31 34
31 92
31 93
32 70
32 66
32 52
32 40
32 94
32 68
32 69
32 72
32 73
32 76
32 81
32 63
32 46
32 47
32 49
32 56
32 62
32 89
33 71
33 70
33 64
33 34
33 96
34 71
34 70
35 70
35 66
35 69
36 70
36 66
37 70
38 70
38 86
39 70
39 74
39 71
39 77
39 82
39 85
39 91
39 79
40 70
40 77
40 59
40 41
40 43
40 52
40 54
40 57
40 94
40 68
40 69
40 72
40 73
40 76
40 81
40 63
40 45
40 46
40 47
40 48
40 49
40 51
40 55
40 56
40 60
40 89
41 70
41 59
41 43
41 52
41 54
41 57
41 94
41 68
41 69
41 72
41 73
41 76
41 45
41 46
41 47
41 48
41 55
41 56
41 60
42 70
42 64
43 70
43 54
43 57
43 94
43 68
43 69
43 76
43 46
43 47
43 60
44 70
45 70
45 59
45 52
45 54
45 94
45 68
45 69
45 72
45 73
45 63
45 46
45 47
45 48
45 49
45 51
46 70
46 59
46 54
46 57
46 94
46 68
46 69
46 72
46 73
46 81
46 63
46 47
46 48
46 51
46 55
46 56
46 60
47 70
47 59
47 52
47 54
47 57
47 94
47 68
47 69
47 72
47 73
47 76
47 63
47 48
47 49
47 55
47 60
48 70
48 59
48 52
48 54
48 57
48 94
48 68
48 69
48 72
48 73
48 76
48 63
48 49
48 55
48 56
48 60
49 70
49 52
49 57
49 94
49 68
49 69
49 72
49 76
49 63
49 60
50 70
51 70
51 52
51 94
51 68
51 69
51 72
51 76
51 63
51 89
52 70
52 59
52 54
52 57
52 94
52 68
52 72
52 73
52 76
52 81
52 63
52 55
52 56
52 60
52 62
52 89
53 70
53 64
53 61
54 70
54 59
54 57
54 94
54 68
54 69
54 72
54 76
54 55
54 60
55 70
55 57
55 94
55 68
55 69
55 73
55 76
55 60
56 70
56 57
56 94
56 68
56 69
56 72
56 73
56 76
56 63
56 89
57 70
57 59
57 94
57 68
57 69
57 72
57 73
57 76
57 60
58 70
59 70
59 94
59 68
59 69
59 73
59 76
59 60
60 70
60 94
60 68
60 69
60 72
60 73
61 70
61 64
62 70
62 94
62 68
62 76
62 89
63 70
63 77
63 94
63 68
63 69
63 72
63 73
63 76
63 81
63 89
64 70
64 77
64 91
64 65
65 70
66 84
66 70
66 83
66 88
66 90
67 70
68 70
68 77
68 94
68 69
68 72
68 73
68 76
68 81
68 89
69 70
69 77
69 94
69 72
69 73
69 76
69 81
69 89
70 71
70 82
70 84
70 75
70 74
70 77
70 85
70 91
70 79
70 83
70 88
70 90
70 94
70 72
70 73
70 76
70 81
70 78
70 80
70 86
70 87
70 89
70 92
70 93
70 95
70 96
71 96
72 94
72 73
72 76
72 81
72 89
73 94
73 76
73 81
76 94
76 81
76 89
77 94
77 78
80 92
81 94
83 84
83 90
84 90
88 90
89 94
