0 39
0 52
0 26
1 61
1 83
1 57
1 58
1 79
1 13
1 11
1 77
2 79
2 73
2 34
2 56
2 80
3 58
3 79
3 4
4 12
4 40
4 6
4 79
4 59
4 75
4 62
4 29
4 28
4 5
4 7
4 14
4 9
4 60
4 51
4 76
4 42
5 41
5 12
5 40
5 9
5 48
5 75
5 79
5 29
5 7
6 44
6 22
6 43
6 46
6 82
6 79
6 59
6 55
6 75
6 20
6 27
6 29
6 24
6 25
6 28
6 81
6 7
6 9
6 53
6 15
6 16
6 60
7 41
7 12
7 40
7 14
7 9
7 25
7 59
7 75
7 27
7 24
7 29
7 79
7 28
7 26
7 51
7 71
7 74
7 76
7 42
8 79
9 40
9 14
9 79
9 59
10 40
10 14
10 29
10 79
11 70
11 13
11 23
11 58
11 79
11 77
12 61
12 44
12 39
12 22
12 41
12 40
12 45
12 82
12 43
12 79
12 46
12 48
12 75
12 20
12 27
12 29
12 24
12 25
12 26
12 28
12 81
12 14
12 53
12 15
12 16
12 78
12 72
12 71
12 74
12 76
13 58
13 79
14 40
14 79
14 59
14 48
14 75
14 29
15 41
15 79
15 20
15 27
15 24
15 25
15 16
15 78
16 41
16 25
16 27
16 24
16 79
16 26
17 64
17 49
18 79
19 58
19 79
20 39
20 27
20 24
20 26
21 79
22 79
23 79
24 39
24 43
24 82
24 25
24 75
24 27
24 79
24 29
24 26
24 28
24 78
25 39
25 41
25 43
25 81
25 48
25 45
25 79
25 75
25 27
25 29
25 26
25 28
25 78
26 44
26 57
26 39
26 43
26 82
26 47
26 81
26 48
26 45
26 27
26 53
26 29
26 79
26 28
26 60
26 84
26 72
27 41
27 43
27 82
27 47
27 75
27 79
27 29
27 53
27 78
28 57
28 41
28 82
28 40
28 48
28 75
28 45
28 29
28 79
28 72
28 76
29 57
29 39
29 41
29 43
29 47
29 40
29 81
29 48
29 75
29 45
29 53
29 79
30 79
31 82
31 32
31 33
31 37
31 36
31 38
32 82
32 33
32 37
32 36
32 38
33 82
33 37
33 36
33 38
34 79
35 79
36 82
36 37
36 38
37 82
37 38
38 82
39 57
39 52
39 75
39 81
40 79
40 59
41 45
41 82
41 79
41 48
41 75
41 81
41 78
41 71
41 74
42 59
42 79
45 82
45 48
45 75
46 79
46 81
47 70
48 75
48 53
48 72
48 71
49 64
49 65
49 66
49 67
49 68
49 69
50 77
50 68
51 59
51 75
51 79
51 60
52 57
52 82
52 79
54 58
54 79
55 58
55 79
56 73
56 79
56 80
57 83
57 82
57 73
58 61
58 79
59 79
59 62
61 79
62 79
63 79
64 77
64 65
64 66
64 67
64 68
64 69
65 77
65 67
65 68
65 69
66 77
66 67
66 68
66 69
67 77
67 68
67 69
68 77
68 69
69 77
70 82
70 79
71 75
71 79
73 79
73 80
74 75
74 79
75 82
75 79
76 79
77 83
78 79
79 83
79 85
79 80
