0 42
0 52
1 22
1 26
1 52
1 89
1 17
1 5
1 46
1 39
2 44
2 22
2 64
2 52
2 84
3 52
4 83
4 23
4 68
4 52
4 11
4 32
4 91
5 44
5 29
5 85
5 31
5 52
6 30
6 94
6 67
6 52
7 49
7 22
7 52
8 19
8 66
8 20
8 52
9 52
9 22
10 88
10 82
10 52
10 63
11 23
11 52
11 32
11 78
12 52
13 60
13 52
13 47
14 88
14 34
14 15
14 52
14 50
15 52
16 28
16 73
16 19
16 81
16 66
16 20
16 52
17 28
17 22
17 52
18 96
18 52
19 73
19 20
19 66
19 81
19 52
19 57
20 28
20 73
20 81
20 66
20 57
20 52
21 52
21 89
22 29
22 64
22 52
23 52
23 32
24 44
24 28
24 52
25 52
26 52
27 87
27 85
27 31
27 96
27 52
27 55
27 41
27 71
28 44
28 52
29 52
30 52
31 87
31 85
31 56
31 80
31 52
31 55
31 41
31 61
31 71
32 83
32 52
32 68
32 53
32 91
33 52
33 89
34 52
35 58
35 52
36 52
36 77
37 52
38 52
39 52
40 52
40 51
41 87
41 96
41 52
42 82
42 67
42 90
42 43
42 93
42 51
42 52
42 77
42 69
43 52
44 96
44 54
44 64
44 52
44 84
45 62
45 96
45 56
45 52
46 52
47 52
47 77
48 67
48 52
48 77
48 50
49 96
49 52
49 56
50 67
50 52
50 77
51 82
51 90
51 52
51 79
52 65
52 94
52 83
52 82
52 73
52 88
52 81
52 67
52 60
52 84
52 59
52 90
52 66
52 72
52 57
52 87
52 85
52 62
52 96
52 80
52 64
52 58
52 68
52 56
52 74
52 54
52 93
52 86
52 63
52 89
52 55
52 75
52 77
52 70
52 76
52 91
52 69
52 61
52 71
52 95
52 78
52 53
52 79
52 92
55 85
55 96
55 80
55 61
55 71
59 94
59 67
61 85
61 80
61 71
63 67
65 67
65 68
66 73
66 81
66 92
67 68
67 90
67 86
68 76
68 91
71 85
71 80
73 81
79 82
79 90
80 85
82 93
82 90
87 96
90 93
