0 61
0 54
0 55
0 85
1 16
1 61
1 68
1 53
2 61
2 4
2 77
2 21
3 16
3 61
3 72
3 86
3 59
3 77
3 4
3 49
3 55
3 79
3 81
3 84
3 32
3 11
3 38
3 41
4 61
4 77
4 70
4 22
4 55
4 79
4 81
5 61
6 61
6 39
7 61
8 18
8 61
8 20
9 61
9 85
9 56
10 29
10 18
10 61
10 15
11 61
11 77
11 79
12 61
13 61
14 61
14 30
15 29
15 18
15 61
16 61
16 33
17 61
18 87
18 20
18 61
19 61
20 61
21 61
22 61
22 54
22 53
22 77
22 33
22 55
23 61
24 61
24 78
24 39
25 61
26 61
27 61
27 53
28 29
28 61
29 75
29 61
30 61
30 78
30 37
31 61
32 61
32 59
32 55
32 81
32 49
32 38
32 41
33 61
33 72
33 54
33 88
33 77
33 82
33 68
33 70
33 58
33 55
34 61
34 55
34 35
34 36
35 61
35 55
35 36
36 61
36 55
37 61
37 78
38 61
38 59
38 84
38 41
39 61
39 78
39 64
40 61
41 61
42 47
42 61
43 61
44 61
44 60
45 61
46 75
46 61
47 61
48 51
48 61
49 61
49 59
49 55
49 81
50 61
51 65
51 61
52 61
53 61
53 67
53 77
53 55
54 61
54 68
54 85
54 55
55 61
55 86
55 59
55 77
55 58
55 68
55 56
55 85
55 81
55 84
56 61
56 85
57 61
57 77
57 70
58 61
58 77
58 82
58 68
59 61
59 86
59 77
59 81
59 84
60 61
61 87
61 74
61 75
61 69
61 73
61 83
61 65
61 77
61 88
61 72
61 68
61 76
61 80
61 64
61 78
61 67
61 63
61 82
61 62
61 86
61 70
61 85
61 66
61 79
61 81
61 84
61 71
64 78
67 72
70 77
72 82
77 86
77 82
77 79
77 81
82 88
84 86
