0 25
0 13
0 7
0 1
0 35
0 39
0 56
0 2
0 62
1 26
1 25
1 49
1 14
1 18
1 79
1 13
1 43
1 41
1 57
1 37
1 7
1 35
1 39
1 80
1 58
1 59
1 68
1 46
1 42
1 67
1 50
1 2
1 74
1 36
1 9
1 60
1 11
1 76
1 62
1 29
1 23
1 19
1 21
1 40
1 51
1 53
1 61
1 63
1 64
1 65
1 69
1 10
2 25
2 13
2 15
2 7
2 35
2 39
2 40
3 14
3 7
3 50
4 7
4 65
5 7
6 7
7 26
7 25
7 49
7 24
7 34
7 14
7 18
7 79
7 17
7 13
7 43
7 15
7 47
7 41
7 57
7 37
7 55
7 28
7 35
7 39
7 80
7 66
7 58
7 59
7 68
7 46
7 42
7 67
7 50
7 38
7 44
7 45
7 74
7 36
7 9
7 60
7 27
7 48
7 11
7 33
7 76
7 20
7 16
7 77
7 52
7 56
7 8
7 12
7 62
7 29
7 75
7 23
7 19
7 21
7 22
7 40
7 78
7 51
7 53
7 54
7 61
7 63
7 64
7 65
7 69
7 70
7 71
7 72
7 73
7 10
7 30
7 31
7 32
9 74
9 65
10 53
10 61
10 70
11 14
11 57
11 59
11 50
11 44
12 65
13 25
13 24
13 35
13 39
13 15
14 50
14 45
15 35
15 74
17 57
17 65
18 66
18 58
18 19
18 21
18 22
18 64
18 65
19 65
19 67
19 58
19 21
19 53
20 47
20 41
20 55
20 36
21 58
22 58
23 68
24 74
24 56
24 62
25 35
25 65
27 79
27 57
28 43
28 58
30 31
30 32
31 32
34 80
34 47
34 50
34 76
35 39
35 40
36 41
36 50
36 67
39 40
41 47
43 58
44 50
44 80
45 50
46 62
46 51
47 49
49 55
50 59
51 62
52 65
53 65
53 61
53 63
53 64
56 62
57 79
58 74
59 80
61 63
61 70
61 71
64 68
64 67
65 74
65 67
67 74
70 71
