0 9
0 81
1 29
1 16
1 9
1 2
1 42
1 47
1 70
1 3
1 53
1 77
1 4
1 64
2 30
2 29
2 62
2 17
2 21
2 95
2 16
2 56
2 74
2 33
2 51
2 71
2 45
2 9
2 42
2 47
2 96
2 72
2 73
2 83
2 59
2 52
2 82
2 63
2 3
2 89
2 53
2 43
2 11
2 75
2 13
2 55
2 39
2 92
2 90
2 77
2 34
2 50
2 27
2 22
2 24
2 49
2 4
2 64
2 65
2 67
2 76
2 78
2 79
2 80
2 84
2 12
3 29
3 16
3 18
3 9
3 42
3 47
3 53
3 49
3 4
4 16
4 9
4 42
4 47
4 53
4 64
5 9
6 9
6 80
7 9
8 17
8 9
8 63
9 30
9 29
9 62
9 28
9 40
9 17
9 21
9 95
9 20
9 44
9 16
9 56
9 18
9 74
9 60
9 33
9 51
9 71
9 45
9 69
9 32
9 42
9 47
9 96
9 81
9 72
9 73
9 83
9 59
9 25
9 52
9 82
9 63
9 46
9 57
9 58
9 89
9 53
9 43
9 11
9 75
9 31
9 61
9 13
9 55
9 38
9 39
9 92
9 23
9 19
9 93
9 41
9 66
9 48
9 70
9 10
9 90
9 15
9 77
9 34
9 50
9 91
9 27
9 54
9 22
9 24
9 26
9 49
9 94
9 64
9 65
9 67
9 68
9 76
9 78
9 79
9 80
9 84
9 85
9 86
9 87
9 88
9 12
9 14
9 35
9 36
9 37
11 89
11 80
12 67
12 76
12 85
13 17
13 71
13 73
13 63
13 57
13 39
14 67
15 80
16 29
16 28
16 42
16 47
16 18
17 63
17 58
18 42
18 89
20 71
20 80
21 81
21 72
21 22
21 24
21 26
21 64
21 79
21 80
22 80
22 55
22 82
22 39
22 72
22 24
22 67
23 60
23 51
23 69
23 43
24 72
25 72
26 72
27 83
27 64
28 74
28 89
28 70
28 77
29 42
29 33
29 80
31 95
31 71
32 56
32 72
33 62
33 43
33 51
33 90
35 36
35 37
36 37
39 63
39 96
39 43
39 76
39 79
40 96
40 60
40 63
40 92
40 54
42 47
42 49
43 51
43 90
43 63
43 82
44 80
47 49
49 55
49 64
50 62
50 60
50 69
50 90
50 54
51 60
53 74
53 89
54 90
55 80
55 82
55 64
55 87
56 72
57 63
57 96
58 63
59 77
59 64
59 65
60 62
60 90
62 69
62 90
63 73
64 83
64 89
64 77
64 82
64 67
64 68
65 77
66 80
67 80
67 76
67 78
67 79
69 90
70 77
71 95
72 89
73 96
76 78
76 85
76 86
79 83
79 82
80 89
80 82
82 89
85 86
