0 46
1 56
1 57
1 58
1 59
1 19
2 46
2 71
3 46
3 22
4 46
4 21
4 34
5 46
5 29
6 46
6 79
7 46
7 30
7 11
8 54
8 74
8 56
8 57
8 58
8 59
8 33
8 44
8 52
8 67
8 84
8 53
8 73
8 18
9 46
9 20
10 46
10 48
11 46
11 39
11 29
11 45
11 48
11 30
11 55
12 46
12 39
12 29
12 45
12 48
12 30
12 55
13 31
13 46
13 16
13 68
13 78
14 46
14 43
15 31
15 46
15 43
16 31
16 46
16 20
16 17
16 79
17 46
17 20
17 35
17 50
18 54
18 56
18 57
18 58
18 59
18 33
18 44
18 52
18 67
18 53
18 73
18 84
19 56
19 57
19 58
19 59
19 71
19 84
19 67
19 60
19 61
19 62
19 63
19 64
19 65
19 90
20 46
20 36
20 25
20 43
21 46
21 50
21 80
21 34
21 82
21 89
21 86
21 88
22 46
23 54
23 74
23 56
23 57
23 58
23 59
23 33
23 44
23 52
23 84
23 67
23 51
23 53
23 60
23 61
23 62
23 63
23 64
23 65
24 46
24 28
24 50
25 31
25 46
25 68
25 27
25 91
26 46
27 46
28 46
28 43
28 36
29 46
29 39
29 30
29 48
30 46
30 39
30 48
30 55
30 49
31 35
31 36
31 46
31 68
31 43
31 78
32 46
33 54
33 74
33 56
33 57
33 58
33 59
33 81
33 84
33 67
33 44
33 51
33 52
33 53
33 73
34 46
34 82
34 89
34 86
34 88
34 49
35 46
36 46
36 43
37 46
37 41
38 46
39 46
39 48
40 46
41 46
42 46
43 46
43 91
44 54
44 74
44 56
44 57
44 58
44 59
44 84
44 67
44 51
44 52
44 53
44 73
45 46
45 55
46 55
46 68
46 75
46 48
46 47
46 50
46 70
46 79
46 92
46 77
46 87
46 78
46 66
46 80
46 82
46 89
46 86
46 88
46 83
46 85
46 49
46 72
46 69
46 91
48 55
49 87
51 54
51 74
51 56
51 57
51 58
51 59
51 67
51 81
51 84
52 54
52 56
52 57
52 58
52 59
52 84
52 67
52 53
52 73
53 54
53 56
53 57
53 58
53 59
53 67
53 84
53 73
54 74
54 81
54 84
54 67
54 56
54 57
54 58
54 59
54 73
56 74
56 81
56 84
56 67
56 57
56 58
56 59
56 60
56 61
56 62
56 63
56 64
56 65
56 73
56 90
57 74
57 71
57 81
57 84
57 67
57 58
57 59
57 60
57 61
57 62
57 63
57 65
57 73
57 90
58 74
58 71
58 81
58 84
58 67
58 59
58 60
58 61
58 62
58 63
58 64
58 65
58 73
58 90
59 74
59 71
59 81
59 84
59 76
59 67
59 60
59 61
59 62
59 63
59 64
59 65
59 73
59 90
60 61
60 62
60 63
60 90
61 62
61 63
61 64
61 90
62 67
62 63
62 65
62 90
63 67
63 64
63 65
63 90
64 67
64 65
67 74
67 81
67 84
67 73
73 74
73 84
74 81
74 84
77 88
80 83
81 84
82 87
82 86
82 88
85 88
88 89
