0 11
0 37
0 82
0 42
0 29
0 72
0 73
0 19
0 44
0 60
0 71
0 33
0 86
0 30
0 50
0 84
0 68
0 49
1 78
1 28
1 12
1 41
1 25
1 42
1 53
1 81
1 73
1 79
1 40
1 43
1 84
1 85
1 2
2 25
2 42
2 53
2 73
2 79
2 4
2 85
2 84
2 43
3 13
3 42
4 76
4 25
4 42
4 53
4 73
4 79
4 84
4 58
4 33
5 13
5 23
5 28
5 57
5 63
5 22
5 61
5 11
5 74
5 26
5 67
5 70
5 79
5 42
5 24
5 56
5 51
5 27
6 63
6 11
6 70
6 42
6 36
6 73
6 79
6 40
6 84
7 57
7 61
7 11
7 41
7 70
7 42
7 26
7 86
8 11
8 67
8 42
8 63
8 27
9 82
9 25
9 42
9 29
9 30
10 57
10 61
10 11
10 42
10 73
11 23
11 57
11 63
11 22
11 61
11 74
11 77
11 41
11 29
11 26
11 62
11 25
11 64
11 81
11 20
11 42
11 46
11 50
11 82
11 56
11 76
11 30
11 32
11 51
12 28
12 74
12 54
12 25
12 64
12 79
12 81
12 83
12 42
12 84
13 34
13 26
13 22
13 64
13 81
13 42
13 48
13 82
13 53
13 51
13 44
14 42
15 42
15 73
16 42
16 73
17 42
17 73
18 42
19 82
19 42
19 67
19 29
19 27
19 45
19 36
19 73
19 62
19 32
20 42
20 64
20 36
20 79
20 40
20 24
20 84
20 21
21 28
21 42
21 53
21 79
21 84
22 23
22 57
22 74
22 36
22 64
22 79
22 42
22 24
22 51
23 78
23 74
23 34
23 57
23 61
23 35
23 28
23 29
23 26
23 36
23 67
23 70
23 83
23 42
23 63
23 82
23 39
23 56
23 76
23 38
23 59
23 51
23 27
24 28
24 63
24 74
24 42
24 67
24 64
24 27
24 79
25 28
25 41
25 37
25 74
25 82
25 64
25 73
25 79
25 81
25 40
25 43
25 42
25 60
25 53
25 84
25 58
25 85
26 28
26 61
26 54
26 76
26 42
26 67
26 64
26 35
26 40
26 60
26 39
26 58
27 78
27 57
27 63
27 37
27 74
27 42
27 67
27 64
27 35
27 47
27 36
27 79
27 39
27 69
27 56
28 74
28 34
28 35
28 47
28 36
28 70
28 79
28 42
28 82
28 53
28 84
28 86
29 54
29 82
29 42
29 67
29 46
29 69
29 68
29 55
30 57
30 61
30 82
30 42
30 69
30 71
30 47
30 87
30 46
30 32
30 55
31 48
31 42
31 43
31 40
32 82
32 42
32 73
32 69
32 50
32 62
32 46
33 41
33 74
33 42
33 69
34 74
34 57
34 61
34 54
34 42
34 82
34 56
34 76
35 63
35 37
35 74
35 82
35 42
35 66
35 67
35 36
35 59
36 74
36 70
36 82
36 42
36 67
36 39
36 59
36 58
36 86
36 51
37 78
37 74
37 67
37 40
37 42
37 58
38 78
38 42
38 73
38 79
38 40
38 84
39 57
39 74
39 42
39 67
40 63
40 41
40 70
40 42
40 64
40 73
40 79
40 85
40 84
41 78
41 57
41 48
41 61
41 70
41 73
41 42
41 69
41 86
41 51
42 78
42 57
42 48
42 63
42 61
42 54
42 74
42 70
42 82
42 76
42 77
42 66
42 47
42 75
42 62
42 64
42 67
42 72
42 73
42 79
42 81
42 83
42 43
42 87
42 45
42 46
42 50
42 60
42 53
42 69
42 56
42 68
42 59
42 84
42 80
42 58
42 85
42 86
42 71
42 51
42 44
42 49
42 52
42 55
42 65
43 74
43 53
43 64
43 79
43 69
43 85
43 84
44 72
44 73
44 46
44 60
44 71
44 49
45 73
45 46
45 69
45 71
45 55
46 48
46 61
46 82
46 72
46 56
46 73
46 60
46 69
46 71
46 86
46 49
47 82
47 67
47 62
47 68
49 73
49 60
49 69
49 86
49 50
50 73
50 51
50 69
50 85
50 62
51 57
51 61
51 74
51 76
51 79
51 69
52 67
53 74
53 79
53 81
53 84
53 58
54 82
54 71
55 72
55 73
55 69
55 87
56 57
56 63
56 61
56 74
56 76
56 67
56 64
56 72
57 74
57 61
57 64
57 67
57 70
57 63
57 76
58 72
58 79
58 84
59 82
59 73
59 69
60 82
60 73
60 84
60 86
61 74
61 64
61 72
61 79
61 76
62 82
62 76
62 69
63 74
63 64
63 67
63 79
64 74
64 67
64 81
67 78
67 74
67 70
67 82
67 79
67 69
68 73
69 82
69 73
69 79
69 87
69 71
70 74
71 73
72 73
72 79
73 84
73 85
73 86
74 79
74 82
74 76
74 85
76 79
78 79
79 81
79 84
81 84
82 87
84 86
84 85
