0 37
0 66
0 53
0 1
0 72
1 46
1 35
1 37
1 12
1 75
1 87
1 66
1 53
1 72
1 80
2 33
2 46
2 50
2 20
2 39
2 41
2 11
2 35
2 69
2 64
2 45
2 66
2 9
2 87
3 66
4 7
4 63
4 35
4 66
4 75
4 83
5 57
5 67
5 66
6 44
6 47
6 66
6 23
7 46
7 61
7 37
7 81
7 12
7 10
7 75
7 83
7 53
7 45
7 66
7 21
7 76
7 72
8 60
8 59
8 66
9 34
9 50
9 11
9 64
9 45
9 66
9 82
10 81
10 53
10 66
10 21
10 75
10 76
11 46
11 50
11 34
11 62
11 64
11 45
11 66
11 75
11 82
12 35
12 37
12 66
12 75
12 72
13 66
13 54
14 66
15 70
15 61
15 57
15 66
15 58
15 86
15 43
16 50
16 62
16 66
16 75
16 76
17 66
18 66
18 42
18 55
19 66
20 31
20 33
20 46
20 41
20 47
20 51
20 66
20 65
20 24
20 29
20 30
21 81
21 41
21 47
21 75
21 66
21 45
21 76
21 30
21 56
22 54
22 25
22 47
22 66
23 44
23 47
23 66
24 31
24 33
24 41
24 47
24 26
24 51
24 66
24 65
24 71
24 30
25 54
25 47
25 66
26 66
26 79
27 66
28 47
28 66
28 29
28 36
29 57
29 47
29 66
29 58
29 36
30 41
30 47
30 66
31 33
31 41
31 66
31 65
31 68
31 71
32 66
33 41
33 47
33 51
33 66
33 65
34 50
34 64
34 66
34 82
35 46
35 60
35 37
35 66
35 87
35 72
36 57
36 47
36 66
36 58
37 46
37 66
38 66
39 50
39 87
39 66
40 47
40 66
41 47
41 51
41 66
41 65
42 59
42 66
42 55
43 75
43 66
44 47
44 66
45 50
45 66
45 62
45 82
46 50
46 61
46 70
46 53
46 62
46 63
46 69
46 66
46 75
46 80
46 87
46 72
47 49
47 54
47 51
47 66
47 68
48 66
48 52
49 66
50 62
50 69
50 64
50 66
50 75
50 76
50 82
51 66
52 66
53 70
53 63
53 81
53 83
53 66
53 72
54 66
55 66
56 66
56 76
57 70
57 61
57 58
57 66
57 86
58 70
58 61
58 66
58 86
59 60
59 66
60 66
60 72
61 70
61 66
61 75
61 86
61 87
62 66
63 70
63 66
64 66
64 82
65 66
65 68
65 71
66 74
66 70
66 77
66 81
66 75
66 83
66 87
66 67
66 73
66 69
66 68
66 71
66 76
66 78
66 79
66 80
66 82
66 84
66 85
66 86
66 88
66 72
68 71
69 76
70 75
75 81
75 76
75 83
75 87
76 81
76 87
77 79
78 79
