0 65
0 67
0 96
0 69
0 70
0 71
0 72
0 73
0 74
0 75
0 76
0 77
0 78
0 79
0 80
0 64
0 22
0 23
0 24
0 26
0 28
0 29
0 30
0 35
0 32
0 36
0 37
0 41
0 46
0 45
0 49
0 50
0 51
0 52
0 53
0 55
0 56
0 57
0 60
0 61
0 62
0 63
0 3
0 4
0 5
0 7
0 8
0 10
1 75
1 70
1 73
1 78
1 74
1 80
1 22
1 69
1 77
1 57
1 79
1 71
1 72
1 76
1 81
1 82
1 83
1 11
1 27
2 75
2 70
2 73
2 78
2 28
2 67
2 96
2 64
2 52
2 22
2 69
2 24
2 30
2 53
2 55
2 3
2 4
2 7
2 71
2 72
2 35
2 37
2 41
2 45
2 49
2 5
2 8
2 10
3 75
3 70
3 73
3 78
3 28
3 67
3 96
3 74
3 80
3 64
3 52
3 22
3 69
3 65
3 24
3 26
3 29
3 30
3 32
3 46
3 53
3 55
3 57
3 60
3 62
3 71
3 72
3 76
3 79
3 23
3 35
3 36
3 37
3 41
3 45
3 49
3 50
3 51
3 4
3 5
3 7
3 8
3 10
4 75
4 70
4 73
4 78
4 28
4 67
4 96
4 74
4 80
4 64
4 52
4 22
4 69
4 65
4 24
4 26
4 29
4 30
4 32
4 46
4 53
4 55
4 57
4 60
4 62
4 71
4 72
4 76
4 79
4 23
4 35
4 36
4 37
4 41
4 45
4 49
4 50
4 51
4 5
4 7
4 8
4 10
5 75
5 70
5 73
5 78
5 28
5 67
5 96
5 74
5 64
5 52
5 22
5 69
5 24
5 26
5 29
5 30
5 32
5 46
5 53
5 55
5 7
5 71
5 72
5 76
5 23
5 35
5 36
5 37
5 41
5 45
5 49
5 50
5 51
5 6
5 8
5 9
5 10
6 75
6 70
6 73
6 78
6 67
6 96
6 64
6 52
6 22
6 69
6 24
6 30
6 53
6 55
6 7
6 71
6 72
6 35
6 37
6 41
6 45
6 49
6 8
6 10
7 75
7 70
7 73
7 78
7 28
7 67
7 96
7 74
7 64
7 52
7 22
7 69
7 65
7 24
7 26
7 29
7 30
7 32
7 46
7 53
7 55
7 57
7 71
7 72
7 76
7 79
7 23
7 35
7 36
7 37
7 41
7 45
7 49
7 50
7 51
7 8
7 9
7 10
8 75
8 70
8 73
8 78
8 28
8 67
8 96
8 74
8 64
8 52
8 22
8 69
8 24
8 26
8 29
8 30
8 32
8 46
8 53
8 55
8 71
8 72
8 76
8 23
8 35
8 36
8 37
8 41
8 45
8 49
8 50
8 51
8 9
8 10
9 75
9 70
9 73
9 78
9 67
9 96
9 64
9 52
9 22
9 69
9 24
9 53
9 71
9 72
9 35
9 37
9 41
9 45
9 49
9 51
9 10
10 75
10 70
10 73
10 78
10 28
10 67
10 96
10 74
10 64
10 52
10 22
10 69
10 24
10 26
10 29
10 30
10 32
10 46
10 53
10 55
10 71
10 72
10 76
10 23
10 35
10 36
10 37
10 41
10 45
10 49
10 50
10 51
11 68
11 75
11 70
11 73
11 78
11 74
11 80
11 22
11 69
11 77
11 79
11 90
11 71
11 72
11 76
11 94
11 81
11 82
11 83
11 84
11 85
11 86
11 87
11 88
11 89
11 91
11 92
11 93
11 14
11 15
11 16
11 27
12 75
12 70
12 73
12 78
12 28
12 74
12 80
12 22
12 69
12 77
12 26
12 57
12 71
12 72
12 76
12 23
12 82
13 70
13 73
13 78
13 74
13 80
13 22
13 69
13 77
13 90
13 72
13 76
13 82
13 83
13 84
13 85
13 87
13 88
13 89
13 91
13 92
13 93
13 21
13 33
13 38
13 40
13 42
14 75
14 70
14 73
14 78
14 74
14 80
14 22
14 69
14 77
14 79
14 71
14 72
14 76
14 94
14 81
14 82
14 83
14 87
14 88
14 89
14 91
14 93
14 15
14 16
14 27
15 68
15 75
15 70
15 73
15 78
15 74
15 80
15 22
15 69
15 77
15 79
15 71
15 72
15 76
15 94
15 81
15 82
15 83
15 87
15 88
15 89
15 91
15 93
15 16
15 27
16 68
16 75
16 70
16 73
16 78
16 74
16 80
16 22
16 69
16 77
16 79
16 71
16 72
16 76
16 94
16 81
16 82
16 83
16 87
16 88
16 89
16 91
16 93
16 27
17 68
17 75
17 70
17 73
17 78
17 74
17 80
17 22
17 69
17 77
17 24
17 79
17 90
17 71
17 72
17 76
17 94
17 81
17 82
17 83
17 84
17 85
17 86
17 87
17 88
17 89
17 91
17 92
17 93
18 68
18 75
18 70
18 73
18 78
18 74
18 80
18 22
18 69
18 77
18 79
18 90
18 71
18 72
18 76
18 94
18 81
18 82
18 83
18 84
18 85
18 86
18 87
18 88
18 89
18 91
18 92
18 93
19 78
19 52
19 22
19 36
20 78
20 22
20 69
20 77
20 35
21 75
21 70
21 73
21 78
21 74
21 80
21 22
21 69
21 77
21 54
21 79
21 90
21 71
21 72
21 76
21 81
21 82
21 83
21 84
21 85
21 86
21 87
21 88
21 89
21 91
21 92
21 95
21 31
21 33
21 34
21 38
21 39
21 43
21 42
21 44
21 47
21 48
22 68
22 75
22 70
22 73
22 78
22 28
22 67
22 96
22 74
22 80
22 64
22 52
22 69
22 71
22 72
22 76
22 77
22 81
22 82
22 83
22 85
22 91
22 94
22 23
22 24
22 26
22 29
22 30
22 35
22 32
22 36
22 37
22 41
22 46
22 45
22 49
22 50
22 51
22 53
22 55
22 56
22 57
22 60
22 62
22 40
22 42
23 75
23 70
23 73
23 78
23 28
23 67
23 96
23 74
23 80
23 64
23 52
23 69
23 77
23 24
23 26
23 29
23 30
23 32
23 53
23 55
23 56
23 57
23 60
23 62
23 71
23 72
23 76
23 91
23 35
23 37
23 41
23 45
23 49
23 33
24 68
24 75
24 70
24 73
24 78
24 28
24 67
24 96
24 74
24 80
24 64
24 52
24 69
24 65
24 77
24 71
24 72
24 76
24 79
24 81
24 82
24 83
24 84
24 85
24 86
24 87
24 88
24 89
24 90
24 91
24 92
24 93
24 94
24 26
24 29
24 30
24 35
24 32
24 36
24 37
24 41
24 46
24 45
24 49
24 50
24 51
24 53
24 55
24 56
24 57
24 60
24 62
24 63
25 75
25 78
25 74
25 69
25 77
25 57
25 76
26 75
26 70
26 73
26 78
26 28
26 67
26 96
26 74
26 80
26 64
26 52
26 69
26 65
26 77
26 71
26 72
26 76
26 79
26 29
26 30
26 35
26 32
26 36
26 37
26 41
26 46
26 45
26 49
26 50
26 51
26 53
26 55
26 56
26 57
26 60
26 61
26 62
27 68
27 75
27 70
27 73
27 78
27 74
27 80
27 64
27 69
27 77
27 79
27 90
27 71
27 72
27 76
27 94
27 81
27 82
27 83
27 84
27 85
27 86
27 87
27 88
27 89
27 91
27 92
27 93
28 75
28 70
28 73
28 78
28 65
28 67
28 96
28 69
28 71
28 72
28 74
28 76
28 77
28 79
28 80
28 64
28 29
28 30
28 35
28 32
28 36
28 37
28 41
28 46
28 45
28 49
28 50
28 51
28 52
28 53
28 55
28 56
28 57
28 60
28 61
28 62
29 75
29 70
29 73
29 78
29 67
29 96
29 74
29 80
29 64
29 52
29 69
29 65
29 77
29 71
29 72
29 76
29 79
29 30
29 35
29 32
29 36
29 37
29 41
29 46
29 45
29 49
29 50
29 51
29 53
29 55
29 56
29 57
29 60
29 61
29 62
30 75
30 70
30 73
30 78
30 67
30 96
30 74
30 80
30 64
30 52
30 69
30 65
30 77
30 71
30 72
30 76
30 79
30 35
30 32
30 36
30 37
30 41
30 46
30 45
30 49
30 50
30 51
30 53
30 55
30 56
30 57
30 60
31 70
31 73
31 78
31 74
31 80
31 69
31 77
31 90
31 71
31 72
31 83
31 85
31 87
31 88
31 89
31 91
31 92
31 93
31 33
31 38
31 40
31 42
32 75
32 70
32 73
32 78
32 67
32 96
32 74
32 80
32 64
32 52
32 69
32 65
32 77
32 71
32 72
32 76
32 79
32 35
32 36
32 37
32 41
32 46
32 45
32 49
32 50
32 51
32 53
32 55
32 56
32 57
32 60
32 61
32 62
33 75
33 70
33 73
33 78
33 74
33 80
33 69
33 77
33 79
33 90
33 71
33 72
33 81
33 83
33 85
33 87
33 88
33 89
33 91
33 92
33 93
33 95
33 40
33 42
34 70
34 73
34 78
34 80
34 77
34 90
34 71
34 85
34 87
34 88
34 89
34 91
34 92
34 93
34 40
34 42
35 75
35 70
35 73
35 78
35 67
35 96
35 74
35 80
35 64
35 52
35 69
35 77
35 46
35 53
35 55
35 56
35 57
35 60
35 62
35 71
35 72
35 76
35 36
35 37
35 41
35 45
35 49
35 50
35 51
35 61
35 58
36 75
36 70
36 73
36 78
36 67
36 96
36 74
36 80
36 64
36 52
36 69
36 77
36 53
36 55
36 56
36 57
36 60
36 62
36 71
36 72
36 37
36 41
36 45
36 49
37 75
37 70
37 73
37 78
37 67
37 96
37 74
37 80
37 64
37 52
37 69
37 77
37 46
37 53
37 55
37 56
37 57
37 60
37 62
37 71
37 72
37 76
37 41
37 45
37 49
37 50
37 51
38 70
38 73
38 78
38 80
38 52
38 69
38 77
38 90
38 85
38 86
38 87
38 88
38 89
38 91
38 92
38 93
38 40
38 39
38 42
39 70
39 78
39 80
39 77
39 90
39 76
39 85
39 87
39 88
39 89
39 91
39 92
39 93
39 40
39 42
40 75
40 70
40 73
40 78
40 74
40 80
40 69
40 77
40 54
40 79
40 71
40 72
40 76
40 81
40 82
40 83
40 84
40 85
40 86
40 87
40 88
40 89
40 91
40 95
40 43
40 42
40 44
40 47
40 48
41 75
41 70
41 73
41 78
41 67
41 96
41 74
41 80
41 64
41 52
41 69
41 77
41 46
41 53
41 55
41 56
41 57
41 60
41 62
41 71
41 72
41 76
41 45
41 49
41 50
41 51
42 75
42 70
42 73
42 78
42 74
42 80
42 69
42 77
42 54
42 79
42 90
42 71
42 72
42 76
42 81
42 82
42 83
42 84
42 85
42 86
42 87
42 88
42 89
42 91
42 92
42 93
42 95
42 43
42 44
42 47
42 48
43 75
43 70
43 73
43 78
43 80
43 69
43 77
43 90
43 76
43 81
43 87
43 88
43 89
43 91
43 92
43 93
44 70
44 73
44 78
44 80
44 52
44 69
44 90
44 72
44 76
44 87
44 88
44 89
44 91
44 92
44 93
44 47
45 75
45 70
45 73
45 78
45 67
45 96
45 74
45 80
45 64
45 52
45 69
45 77
45 46
45 53
45 55
45 56
45 57
45 60
45 62
45 71
45 72
45 76
45 49
45 50
45 51
45 61
46 75
46 70
46 73
46 78
46 67
46 96
46 74
46 80
46 64
46 52
46 69
46 65
46 77
46 71
46 72
46 76
46 49
46 53
46 55
46 56
46 57
46 60
46 61
46 62
46 59
46 58
47 70
47 73
47 78
47 80
47 69
47 77
47 90
47 76
47 82
47 86
47 87
47 88
47 89
47 91
47 92
47 93
48 70
48 73
48 78
48 80
48 69
48 77
48 90
48 76
48 81
48 82
48 87
48 88
48 89
48 91
48 92
48 93
49 75
49 70
49 73
49 78
49 67
49 96
49 74
49 80
49 64
49 52
49 69
49 53
49 55
49 56
49 57
49 60
49 71
49 72
49 76
49 50
49 51
50 75
50 70
50 73
50 78
50 67
50 96
50 74
50 80
50 64
50 52
50 69
50 77
50 53
50 55
50 56
50 57
50 60
50 62
50 71
50 72
51 75
51 70
51 73
51 78
51 67
51 96
51 74
51 80
51 64
51 52
51 69
51 77
51 53
51 55
51 56
51 57
51 60
51 62
51 71
51 72
52 75
52 70
52 73
52 78
52 67
52 96
52 74
52 80
52 64
52 65
52 69
52 71
52 72
52 76
52 77
52 79
52 86
52 92
52 93
52 95
52 53
52 55
52 56
52 57
52 60
52 61
52 62
52 63
52 59
52 58
53 75
53 70
53 73
53 78
53 67
53 96
53 74
53 80
53 64
53 69
53 65
53 77
53 71
53 72
53 76
53 79
53 55
53 56
53 57
53 60
53 62
54 70
54 73
54 78
54 80
54 87
54 88
54 89
54 90
54 92
54 93
55 75
55 70
55 73
55 78
55 67
55 96
55 74
55 80
55 64
55 69
55 65
55 71
55 72
55 76
55 79
55 56
55 57
55 60
56 75
56 70
56 73
56 78
56 67
56 74
56 80
56 69
56 65
56 71
56 72
56 76
56 79
56 57
56 60
56 61
56 62
57 68
57 75
57 70
57 73
57 78
57 96
57 74
57 80
57 64
57 69
57 65
57 77
57 71
57 72
57 76
57 79
57 60
57 61
57 62
57 58
58 78
58 74
58 77
58 62
58 72
58 76
59 78
59 74
59 77
59 62
59 72
59 76
59 82
60 75
60 70
60 73
60 78
60 67
60 74
60 80
60 69
60 65
60 77
60 71
60 72
60 76
60 79
60 82
60 61
60 62
61 73
61 78
61 74
61 80
61 69
61 77
61 62
61 76
62 75
62 70
62 73
62 78
62 74
62 80
62 69
62 65
62 71
62 72
62 76
62 79
63 75
63 78
63 77
64 75
64 70
64 73
64 78
64 67
64 96
64 74
64 65
64 69
64 71
64 72
64 76
64 79
65 78
65 96
65 74
65 80
65 69
65 77
66 70
66 73
66 78
67 75
67 70
67 73
67 78
67 96
67 69
67 71
67 72
67 74
67 76
67 80
68 69
68 70
68 71
68 72
68 73
68 74
68 75
68 76
68 77
68 78
68 79
68 80
68 81
68 82
68 83
68 87
68 88
68 89
68 91
68 93
68 94
69 75
69 70
69 73
69 78
69 96
69 74
69 80
69 71
69 72
69 76
69 77
69 79
69 81
69 82
69 83
69 84
69 85
69 87
69 88
69 89
69 90
69 91
69 92
69 93
69 94
70 75
70 96
70 71
70 72
70 73
70 74
70 76
70 77
70 78
70 80
70 81
70 82
70 83
70 84
70 85
70 86
70 87
70 88
70 89
70 90
70 91
70 92
70 93
70 94
70 95
71 75
71 73
71 78
71 96
71 74
71 80
71 77
71 90
71 72
71 76
71 82
71 83
71 85
71 87
71 88
71 89
71 91
71 92
71 93
71 94
72 75
72 73
72 78
72 96
72 74
72 80
72 77
72 90
72 76
72 81
72 83
72 85
72 87
72 88
72 89
72 91
72 92
72 93
72 94
73 75
73 96
73 74
73 76
73 77
73 78
73 80
73 81
73 82
73 83
73 84
73 85
73 86
73 87
73 88
73 89
73 90
73 91
73 92
73 93
73 94
73 95
74 75
74 78
74 96
74 76
74 77
74 79
74 80
74 83
74 85
74 87
74 88
74 89
74 90
74 91
74 92
74 93
74 94
75 96
75 76
75 77
75 78
75 80
75 81
75 82
75 83
75 85
75 87
75 88
75 89
75 90
75 91
75 92
75 93
75 94
76 78
76 96
76 80
76 77
76 90
76 81
76 82
76 84
76 85
76 86
76 87
76 88
76 89
76 91
76 92
76 93
76 94
77 78
77 80
77 79
77 81
77 82
77 83
77 84
77 85
77 86
77 87
77 88
77 89
77 90
77 91
77 92
77 93
77 94
77 95
78 96
78 79
78 80
78 81
78 82
78 83
78 84
78 85
78 86
78 87
78 88
78 89
78 90
78 91
78 92
78 93
78 94
78 95
79 96
79 80
79 85
79 87
79 88
79 89
79 90
79 91
79 92
79 93
79 94
80 81
80 82
80 83
80 84
80 85
80 86
80 87
80 88
80 89
80 90
80 91
80 92
80 93
80 94
80 95
81 90
81 94
81 82
81 83
81 85
81 87
81 88
81 89
81 91
81 92
81 93
82 90
82 94
82 83
82 85
82 87
82 88
82 89
82 91
82 92
82 93
83 90
83 94
83 84
83 85
83 86
83 87
83 88
83 89
83 91
83 92
83 93
84 90
84 94
84 85
84 87
84 88
84 89
84 92
84 93
85 90
85 94
85 86
85 87
85 88
85 89
85 91
85 92
85 93
85 95
86 90
86 94
86 87
86 88
86 89
86 91
86 92
86 93
87 90
87 94
87 88
87 89
87 91
87 92
87 93
87 95
88 90
88 94
88 89
88 91
88 92
88 93
88 95
89 90
89 94
89 91
89 92
89 93
89 95
90 91
90 92
90 93
90 94
90 95
91 94
91 92
91 93
91 95
92 94
92 93
92 95
93 94
93 95
