0 36
0 11
0 15
0 85
0 86
0 84
0 27
0 25
0 18
0 75
0 76
0 77
0 90
0 22
0 96
1 27
1 25
1 77
1 57
1 16
2 94
2 15
2 85
2 38
2 89
2 62
2 14
2 4
2 25
2 54
2 12
2 13
2 18
2 75
2 76
2 74
2 71
2 83
3 94
3 11
3 15
3 38
3 25
3 55
3 12
3 13
3 23
3 90
3 71
3 50
3 73
4 25
4 76
5 25
5 51
5 95
6 85
6 86
6 89
6 25
6 17
7 25
7 76
8 25
9 46
9 86
9 25
9 77
9 18
10 25
11 36
11 15
11 91
11 85
11 84
11 25
11 90
11 22
11 96
11 67
11 71
11 50
12 62
12 25
12 13
12 76
12 74
13 38
13 60
13 25
13 76
13 83
14 46
14 94
14 15
14 85
14 56
14 89
14 62
14 91
14 86
14 25
14 54
14 76
14 90
14 22
15 88
15 94
15 36
15 31
15 91
15 85
15 86
15 89
15 62
15 84
15 27
15 25
15 40
15 55
15 58
15 76
15 77
15 90
15 22
15 96
15 74
15 17
15 71
15 38
15 56
15 50
15 73
16 25
16 77
16 57
17 46
17 89
17 86
17 25
17 22
17 55
18 36
18 85
18 56
18 86
18 25
18 90
18 54
19 25
19 79
20 25
21 25
21 87
22 88
22 36
22 31
22 85
22 27
22 89
22 25
22 84
22 55
23 25
23 76
24 85
24 25
24 64
24 72
25 46
25 88
25 94
25 36
25 37
25 31
25 85
25 68
25 27
25 56
25 82
25 38
25 89
25 62
25 40
25 63
25 60
25 93
25 61
25 58
25 91
25 86
25 84
25 28
25 33
25 79
25 30
25 54
25 55
25 64
25 75
25 76
25 77
25 90
25 96
25 59
25 74
25 57
25 67
25 71
25 72
25 87
25 29
25 50
25 83
25 32
25 26
25 42
25 49
25 47
25 69
25 65
25 48
25 73
25 80
25 52
25 53
25 66
25 81
25 35
25 78
25 34
25 95
25 70
25 41
25 43
25 44
25 45
25 92
25 51
25 39
26 77
26 72
26 57
26 42
27 36
27 31
27 85
27 91
27 86
27 62
27 84
27 75
27 90
27 50
27 83
29 68
31 85
31 84
31 55
31 64
31 96
31 71
31 81
33 94
36 85
36 86
36 84
36 75
36 76
36 77
36 90
36 96
36 73
38 91
38 60
38 76
38 83
40 56
40 73
46 85
46 89
46 84
46 56
46 68
50 94
50 85
50 91
50 74
50 71
50 84
50 55
50 90
50 66
52 66
52 92
54 56
55 85
55 91
55 86
55 84
55 90
56 85
56 68
56 91
56 86
56 89
57 77
57 80
60 64
60 76
60 83
62 85
62 89
62 86
62 90
62 71
65 77
65 75
67 96
67 73
71 94
71 89
71 84
71 77
71 90
71 96
73 77
73 76
73 75
74 89
74 91
74 86
74 76
74 92
75 85
75 77
76 85
76 91
76 86
76 90
76 96
76 83
77 94
77 91
77 86
77 84
77 90
77 96
83 91
84 88
84 85
84 91
84 86
84 96
85 86
85 89
85 90
86 89
86 91
86 90
88 91
90 91
91 94
91 96
