0 90
0 76
0 52
0 4
0 70
0 95
0 48
0 58
0 62
0 6
0 28
0 82
0 35
1 19
1 13
1 12
1 78
1 90
1 76
1 17
1 75
1 74
1 52
1 81
1 23
1 29
1 67
1 70
1 85
1 18
1 3
1 25
1 86
1 48
1 4
1 55
1 62
1 68
1 27
1 30
1 44
2 73
2 19
2 13
2 78
2 90
2 33
2 76
2 17
2 75
2 74
2 46
2 52
2 67
2 56
2 85
2 86
2 48
2 4
2 79
2 26
2 80
2 95
2 88
2 53
2 65
2 62
2 61
2 7
2 8
2 51
2 92
2 15
3 13
3 78
3 14
3 90
3 33
3 76
3 75
3 74
3 46
3 52
3 81
3 21
3 23
3 42
3 67
3 70
3 84
3 56
3 85
3 54
3 18
3 4
3 86
3 79
3 63
3 26
3 80
3 49
3 88
3 53
3 58
3 61
3 5
3 6
3 7
3 8
3 10
3 20
3 22
3 64
3 51
3 92
3 68
3 27
3 24
3 25
3 28
3 30
3 87
3 89
3 44
3 45
3 47
3 50
3 34
3 35
3 36
3 40
3 43
4 69
4 73
4 77
4 19
4 13
4 66
4 12
4 96
4 78
4 37
4 14
4 90
4 31
4 16
4 91
4 33
4 76
4 17
4 75
4 74
4 46
4 52
4 81
4 21
4 23
4 29
4 42
4 41
4 67
4 93
4 70
4 84
4 56
4 85
4 54
4 18
4 24
4 25
4 28
4 72
4 86
4 48
4 87
4 11
4 49
4 6
4 94
4 79
4 63
4 26
4 71
4 80
4 95
4 39
4 88
4 53
4 65
4 55
4 58
4 62
4 61
4 5
4 7
4 8
4 9
4 10
4 20
4 22
4 64
4 51
4 92
4 68
4 27
4 30
4 89
4 15
4 44
4 45
4 47
4 50
4 82
4 83
4 34
4 35
4 36
4 40
4 43
4 32
4 38
4 57
4 59
4 60
5 19
5 13
5 78
5 90
5 31
5 33
5 76
5 75
5 74
5 46
5 81
5 23
5 42
5 67
5 70
5 84
5 56
5 85
5 54
5 18
5 24
5 25
5 28
5 86
5 48
5 49
5 6
5 79
5 63
5 26
5 80
5 95
5 88
5 55
5 58
5 8
5 9
5 10
5 20
5 22
5 64
5 51
5 92
5 68
5 27
5 30
5 89
5 50
5 82
5 34
5 35
6 73
6 19
6 13
6 78
6 90
6 33
6 76
6 75
6 74
6 52
6 81
6 21
6 23
6 42
6 67
6 70
6 84
6 56
6 85
6 24
6 25
6 28
6 48
6 87
6 49
6 79
6 63
6 88
6 53
6 55
6 58
6 62
6 61
6 7
6 8
6 9
6 10
6 20
6 22
6 64
6 51
6 68
6 27
6 30
6 89
6 15
6 44
6 45
6 47
6 50
6 82
6 83
6 35
6 36
6 43
7 73
7 19
7 13
7 78
7 14
7 90
7 33
7 76
7 75
7 74
7 52
7 81
7 21
7 23
7 42
7 67
7 70
7 56
7 85
7 54
7 24
7 25
7 28
7 48
7 79
7 26
7 80
7 88
7 53
7 65
7 58
7 62
7 61
7 8
7 9
7 22
7 51
7 92
7 27
7 30
7 15
7 44
7 82
7 34
7 35
8 19
8 13
8 90
8 31
8 33
8 76
8 75
8 74
8 46
8 52
8 67
8 70
8 56
8 24
8 25
8 86
8 87
8 79
8 80
8 95
8 88
8 53
8 58
8 62
8 20
8 64
8 92
8 27
8 15
8 44
8 45
8 82
9 73
9 19
9 78
9 76
9 75
9 74
9 81
9 67
9 25
9 48
9 26
9 53
9 65
9 27
9 15
9 34
10 19
10 90
10 76
10 75
10 74
10 52
10 81
10 23
10 42
10 84
10 56
10 85
10 24
10 25
10 49
10 79
10 63
10 95
10 53
10 20
10 22
10 64
10 27
10 30
10 89
11 78
11 90
11 76
11 81
11 21
11 23
11 70
11 84
11 85
11 49
12 73
12 78
12 90
12 76
12 75
12 52
12 84
12 68
12 27
12 29
13 31
13 78
13 79
13 91
13 66
13 26
13 67
13 18
13 76
13 17
13 75
13 70
13 74
13 52
13 84
13 56
13 21
13 51
13 68
13 27
13 23
13 24
13 28
13 30
13 29
13 87
13 34
13 32
14 73
14 78
14 33
14 90
14 76
14 75
14 70
14 81
14 23
14 24
14 25
14 30
15 90
15 33
15 76
15 75
15 74
15 46
15 52
15 67
15 70
15 56
15 25
15 86
15 87
15 79
15 80
15 95
15 53
15 58
15 62
15 20
15 22
15 92
15 44
15 45
15 47
15 82
15 35
15 36
16 37
16 94
17 73
17 66
17 90
17 79
17 95
17 74
17 25
18 19
18 90
18 33
18 76
18 75
18 52
18 56
18 58
19 73
19 31
19 86
19 78
19 79
19 66
19 33
19 90
19 67
19 76
19 75
19 70
19 80
19 95
19 74
19 48
19 88
19 52
19 85
19 65
19 55
19 56
19 62
19 20
19 21
19 22
19 64
19 51
20 76
20 75
20 74
20 52
20 81
20 21
20 42
20 67
20 56
20 85
20 24
20 25
20 49
20 79
20 63
20 95
20 88
20 53
20 22
20 64
20 27
20 30
20 89
20 44
20 45
21 73
21 78
21 90
21 76
21 75
21 46
21 81
21 63
21 49
21 85
21 61
21 22
21 27
21 23
21 25
21 89
22 90
22 33
22 76
22 75
22 74
22 81
22 23
22 42
22 85
22 54
22 24
22 25
22 49
22 63
22 88
22 53
22 64
22 68
22 27
22 30
22 89
22 44
22 45
23 69
23 73
23 66
23 78
23 90
23 33
23 76
23 75
23 52
23 81
23 86
23 63
23 67
23 70
23 48
23 84
23 85
23 55
23 64
23 51
23 68
23 27
23 24
23 25
23 28
23 30
23 87
23 89
23 42
23 34
23 35
23 43
24 73
24 78
24 90
24 31
24 33
24 76
24 75
24 74
24 52
24 81
24 42
24 67
24 70
24 84
24 85
24 86
24 79
24 63
24 26
24 80
24 48
24 53
24 61
24 92
24 68
24 27
24 25
24 28
24 30
24 87
24 89
24 50
24 34
24 40
24 43
25 78
25 90
25 91
25 33
25 76
25 75
25 74
25 46
25 52
25 81
25 42
25 67
25 70
25 84
25 56
25 85
25 86
25 79
25 63
25 26
25 80
25 95
25 49
25 88
25 53
25 58
25 61
25 64
25 51
25 92
25 68
25 27
25 28
25 30
25 87
25 89
25 44
25 45
25 47
25 50
25 82
25 34
25 40
26 73
26 90
26 33
26 76
26 75
26 67
26 56
26 85
26 28
26 79
26 80
26 95
26 88
26 65
26 61
26 27
27 78
27 90
27 33
27 76
27 75
27 74
27 52
27 81
27 29
27 42
27 67
27 70
27 84
27 56
27 85
27 28
27 49
27 79
27 63
27 80
27 53
27 55
27 64
27 68
27 30
27 89
27 44
27 50
27 34
27 35
28 78
28 90
28 33
28 76
28 75
28 52
28 81
28 42
28 67
28 70
28 56
28 85
28 79
28 53
28 58
28 68
28 30
28 50
28 82
28 35
28 40
28 43
29 73
29 78
29 90
29 84
29 68
30 78
30 90
30 33
30 76
30 75
30 74
30 52
30 81
30 42
30 67
30 70
30 84
30 56
30 85
30 48
30 87
30 49
30 79
30 63
30 80
30 53
30 64
30 68
30 89
30 44
30 50
30 34
30 35
30 40
31 78
31 90
31 86
31 33
31 67
31 76
31 75
31 48
31 52
31 53
31 84
31 81
31 56
31 51
31 92
32 33
32 52
32 48
32 79
32 58
32 62
33 73
33 78
33 90
33 86
33 79
33 67
33 76
33 75
33 70
33 80
33 95
33 74
33 48
33 52
33 53
33 85
33 81
33 56
33 58
33 62
33 64
33 51
33 92
33 68
33 87
33 89
33 42
33 82
33 34
33 40
34 78
34 76
34 75
34 74
34 81
34 67
34 70
34 56
34 87
34 63
34 80
34 58
35 73
35 66
35 90
35 76
35 74
35 52
35 86
35 48
35 95
35 53
35 55
35 58
35 62
35 51
35 44
36 90
36 76
36 46
36 52
36 67
36 56
36 79
36 95
36 53
36 58
36 62
37 73
37 96
37 76
37 39
37 57
37 59
37 60
38 78
38 81
38 70
38 56
38 85
39 57
39 59
39 60
40 76
40 81
40 70
42 73
42 78
42 90
42 76
42 75
42 52
42 81
42 63
42 70
42 49
42 53
42 84
42 85
42 62
42 64
42 89
42 45
42 54
43 76
43 46
43 52
43 70
43 56
43 85
43 49
43 63
43 53
43 45
44 73
44 90
44 76
44 75
44 46
44 52
44 81
44 67
44 70
44 84
44 56
44 85
44 48
44 49
44 79
44 95
44 88
44 53
44 58
44 62
44 61
44 64
44 92
44 45
44 47
44 82
45 90
45 76
45 52
45 56
45 85
45 79
45 88
45 53
45 64
45 51
45 89
45 47
46 73
46 66
46 90
46 76
46 67
46 95
46 49
46 48
46 52
46 53
46 56
46 58
46 62
46 51
46 92
46 89
47 90
47 76
47 84
47 56
47 87
47 88
47 53
47 50
48 73
48 77
48 66
48 76
48 74
48 52
48 81
48 67
48 70
48 56
48 79
48 63
48 80
48 53
48 58
48 62
48 51
48 92
49 90
49 76
49 74
49 81
49 85
49 54
49 63
49 64
49 89
50 90
50 76
50 74
50 52
50 70
50 85
51 73
51 78
51 90
51 76
51 52
51 67
51 70
51 56
51 53
51 58
51 62
51 92
51 82
52 73
52 78
52 90
52 76
52 75
52 74
52 86
52 79
52 67
52 70
52 80
52 95
52 88
52 53
52 84
52 85
52 55
52 56
52 58
52 62
52 61
52 64
52 92
52 68
52 87
52 82
52 83
53 90
53 76
53 75
53 74
53 67
53 70
53 56
53 85
53 86
53 87
53 79
53 80
53 95
53 62
53 92
53 82
54 90
54 85
54 79
54 61
54 64
55 78
55 90
55 76
55 74
55 81
55 70
55 84
55 68
56 76
56 75
56 81
56 67
56 70
56 86
56 79
56 80
56 95
56 88
56 85
56 58
56 62
56 92
56 87
56 82
56 83
57 59
57 60
58 78
58 90
58 76
58 81
58 67
58 70
58 95
58 65
58 62
58 92
61 73
61 66
61 76
61 75
61 81
61 67
61 85
61 86
61 79
61 80
61 65
61 89
62 90
62 76
62 67
62 86
62 87
62 79
62 80
62 95
62 65
62 92
62 82
62 83
63 90
63 76
63 75
63 81
63 70
63 84
63 85
63 86
63 89
64 90
64 76
64 75
64 74
64 70
64 84
64 85
64 89
64 82
65 73
65 66
65 76
65 75
65 67
65 85
65 79
65 80
66 73
66 86
66 79
66 71
66 80
67 73
67 78
67 90
67 76
67 75
67 74
67 81
67 86
67 79
67 70
67 80
67 95
67 84
67 85
67 92
67 87
67 82
68 78
68 90
68 76
68 75
68 81
68 70
68 84
68 85
69 93
69 84
69 85
70 73
70 78
70 90
70 76
70 75
70 74
70 81
70 86
70 79
70 80
70 84
70 85
70 92
70 87
70 89
70 82
73 86
73 78
73 79
73 90
73 76
73 75
73 80
73 88
73 85
74 78
74 90
74 76
74 75
74 79
74 85
74 81
74 92
74 82
75 78
75 90
75 76
75 86
75 79
75 80
75 84
75 85
75 81
75 92
75 87
75 89
76 78
76 90
76 86
76 79
76 80
76 95
76 88
76 84
76 85
76 81
76 92
76 87
76 89
76 82
76 83
78 86
78 79
78 90
78 80
78 84
78 85
78 81
78 92
79 90
79 81
79 84
79 85
79 86
79 87
79 80
79 88
79 92
79 82
80 81
80 88
80 92
81 90
81 84
81 85
81 87
81 89
82 86
82 92
82 89
84 90
84 85
85 90
85 88
85 89
86 90
86 91
86 95
86 92
86 87
87 95
87 92
88 90
88 95
89 90
90 95
90 92
92 95
