0 86
0 69
0 47
0 52
0 4
0 61
0 37
0 54
0 56
0 6
0 24
0 74
0 28
1 86
1 69
1 19
1 33
1 78
1 44
1 2
1 25
1 40
1 6
1 42
1 5
1 10
1 18
1 21
1 58
1 26
1 85
1 15
1 46
2 13
2 70
2 86
2 27
2 69
2 68
2 66
2 47
2 73
2 52
2 19
2 23
2 33
2 59
2 61
2 77
2 53
2 50
2 72
2 78
2 4
2 71
2 57
2 40
2 83
2 48
2 54
2 55
2 5
2 6
2 7
2 8
2 10
2 14
2 18
2 21
2 58
2 43
2 87
2 60
2 20
2 22
2 25
2 24
2 26
2 81
2 85
2 34
2 36
2 39
2 41
2 42
2 45
2 46
2 49
2 79
2 28
2 29
2 30
2 38
3 65
3 17
3 13
3 70
3 86
3 68
3 47
3 59
3 37
3 54
3 6
3 7
3 14
3 87
3 82
4 65
4 17
4 13
4 70
4 86
4 27
4 69
4 68
4 66
4 47
4 73
4 52
4 19
4 23
4 33
4 59
4 61
4 77
4 53
4 72
4 78
4 22
4 25
4 24
4 37
4 81
4 40
4 6
4 71
4 57
4 83
4 48
4 51
4 54
4 56
4 55
4 5
4 7
4 8
4 9
4 10
4 18
4 21
4 58
4 43
4 87
4 60
4 20
4 26
4 85
4 15
4 34
4 36
4 39
4 41
4 79
4 74
4 75
4 28
4 29
4 38
5 17
5 13
5 70
5 86
5 27
5 69
5 68
5 66
5 73
5 23
5 33
5 59
5 61
5 77
5 53
5 50
5 72
5 78
5 62
5 22
5 25
5 24
5 37
5 40
5 6
5 42
5 71
5 57
5 83
5 51
5 54
5 8
5 9
5 10
5 14
5 18
5 21
5 58
5 43
5 87
5 60
5 20
5 26
5 80
5 82
5 85
5 35
5 41
5 45
5 46
5 74
5 76
5 28
6 84
6 12
6 65
6 17
6 13
6 70
6 64
6 86
6 27
6 69
6 68
6 66
6 47
6 73
6 52
6 19
6 23
6 33
6 59
6 61
6 77
6 53
6 50
6 72
6 78
6 44
6 67
6 62
6 22
6 25
6 24
6 37
6 81
6 40
6 71
6 57
6 16
6 83
6 48
6 51
6 54
6 56
6 55
6 7
6 8
6 9
6 10
6 11
6 14
6 18
6 21
6 58
6 43
6 87
6 60
6 20
6 26
6 80
6 82
6 85
6 15
6 34
6 35
6 36
6 39
6 41
6 42
6 45
6 46
6 49
6 79
6 63
6 74
6 75
6 76
6 28
6 29
6 30
6 31
6 32
6 38
7 65
7 17
7 13
7 70
7 86
7 27
7 69
7 68
7 66
7 47
7 73
7 52
7 19
7 23
7 33
7 59
7 61
7 53
7 72
7 78
7 22
7 25
7 24
7 37
7 42
7 71
7 83
7 48
7 54
7 56
7 55
7 8
7 9
7 11
7 14
7 21
7 43
7 87
7 20
7 26
7 82
7 15
7 34
7 35
7 74
7 28
7 30
8 17
8 13
8 86
8 27
8 69
8 68
8 66
8 47
8 52
8 59
8 61
8 53
8 22
8 25
8 81
8 71
8 83
8 48
8 54
8 56
8 14
8 18
8 58
8 87
8 20
8 80
8 82
8 15
8 34
8 35
8 36
8 74
9 65
9 17
9 70
9 69
9 68
9 66
9 73
9 52
9 59
9 25
9 37
9 48
9 20
9 15
10 17
10 86
10 69
10 68
10 66
10 47
10 73
10 52
10 23
10 33
10 77
10 53
10 72
10 78
10 22
10 25
10 40
10 42
10 71
10 57
10 48
10 14
10 18
10 21
10 58
10 87
10 20
10 26
10 85
10 79
11 17
11 69
11 47
11 59
11 53
11 25
11 37
11 71
11 48
11 87
11 82
11 14
12 40
12 47
12 52
12 42
13 70
13 71
13 72
13 59
13 69
13 68
13 61
13 66
13 47
13 77
13 53
13 14
13 19
13 43
13 60
13 20
13 23
13 22
13 24
13 26
13 80
13 81
14 17
14 86
14 27
14 69
14 47
14 52
14 53
14 78
14 62
14 25
14 81
14 40
14 71
14 83
14 56
14 55
14 18
14 21
14 87
14 60
14 15
14 82
14 80
14 35
14 46
15 86
15 27
15 69
15 68
15 66
15 47
15 52
15 59
15 61
15 53
15 25
15 81
15 71
15 48
15 54
15 56
15 18
15 21
15 87
15 80
15 82
15 34
15 35
15 36
15 39
15 74
15 28
15 29
16 65
16 47
16 59
16 53
16 24
16 37
16 48
16 54
16 87
16 34
16 28
17 65
17 70
17 71
17 72
17 27
17 86
17 59
17 69
17 68
17 61
17 66
17 37
17 83
17 47
17 78
17 51
17 52
17 53
17 56
17 18
17 19
17 21
17 62
17 58
17 43
17 45
17 49
18 69
18 68
18 66
18 47
18 73
18 52
18 19
18 33
18 59
18 53
18 72
18 78
18 44
18 62
18 22
18 25
18 40
18 42
18 71
18 57
18 83
18 48
18 21
18 58
18 20
18 26
18 82
18 85
18 34
18 36
18 45
18 46
18 79
18 31
19 65
19 70
19 86
19 69
19 68
19 73
19 57
19 40
19 78
19 55
19 21
19 20
19 23
19 25
19 85
19 42
19 46
19 79
20 70
20 86
20 27
20 69
20 68
20 66
20 47
20 73
20 52
20 23
20 33
20 59
20 61
20 77
20 53
20 78
20 44
20 22
20 25
20 24
20 40
20 42
20 71
20 57
20 48
20 51
20 21
20 58
20 60
20 26
20 85
20 34
20 41
20 79
20 28
20 31
21 86
21 27
21 69
21 68
21 66
21 73
21 52
21 23
21 33
21 72
21 78
21 44
21 22
21 25
21 40
21 42
21 57
21 83
21 48
21 58
21 60
21 26
21 82
21 85
21 34
21 36
21 46
21 49
21 79
21 31
22 65
22 70
22 86
22 27
22 69
22 68
22 66
22 47
22 73
22 52
22 23
22 33
22 59
22 61
22 77
22 78
22 71
22 57
22 37
22 48
22 55
22 60
22 25
22 24
22 26
22 81
22 85
22 41
22 38
23 65
23 70
23 86
23 27
23 69
23 68
23 47
23 73
23 57
23 59
23 61
23 37
23 77
23 78
23 51
23 58
23 43
23 60
23 25
23 24
23 26
23 81
23 85
23 33
23 28
23 38
24 70
24 86
24 27
24 69
24 68
24 47
24 73
24 52
24 33
24 59
24 61
24 53
24 78
24 25
24 71
24 48
24 54
24 87
24 60
24 26
24 41
24 74
24 28
24 38
25 70
25 86
25 27
25 69
25 68
25 66
25 47
25 73
25 52
25 33
25 59
25 61
25 77
25 53
25 72
25 78
25 71
25 57
25 40
25 83
25 48
25 54
25 55
25 58
25 43
25 87
25 60
25 26
25 81
25 82
25 85
25 34
25 35
25 36
25 39
25 41
25 42
25 45
25 46
25 79
25 74
25 76
25 30
25 31
26 70
26 86
26 27
26 69
26 68
26 66
26 47
26 73
26 52
26 33
26 59
26 61
26 77
26 53
26 50
26 72
26 78
26 37
26 81
26 40
26 42
26 71
26 57
26 48
26 58
26 60
26 85
26 34
26 41
26 45
26 49
26 79
26 28
27 65
27 70
27 86
27 71
27 72
27 59
27 69
27 68
27 61
27 66
27 37
27 47
27 48
27 78
27 73
27 52
27 53
27 54
27 56
27 58
27 43
27 87
27 60
27 80
27 81
27 82
27 85
27 33
27 35
27 74
28 65
28 86
28 69
28 66
28 47
28 52
28 37
28 48
28 51
28 54
28 56
28 43
28 34
28 82
29 86
29 69
29 47
29 52
29 59
29 53
29 71
29 48
29 54
29 56
30 65
30 70
30 69
30 59
30 71
30 54
30 56
30 41
30 75
30 38
31 69
31 52
31 61
31 78
32 64
32 69
32 50
33 65
33 70
33 86
33 69
33 68
33 47
33 73
33 52
33 72
33 57
33 61
33 40
33 48
33 77
33 78
33 56
33 58
33 85
33 36
33 42
33 46
33 49
33 79
34 65
34 86
34 69
34 68
34 47
34 73
34 52
34 59
34 61
34 77
34 53
34 72
34 78
34 44
34 37
34 40
34 42
34 71
34 83
34 48
34 54
34 56
34 55
34 58
34 87
34 80
34 82
34 35
34 36
34 39
34 49
34 74
35 86
35 69
35 66
35 47
35 52
35 59
35 53
35 81
35 71
35 83
35 48
35 54
35 56
35 58
35 87
35 74
35 82
36 86
36 69
36 47
36 52
36 53
36 78
36 71
36 83
36 48
36 58
36 43
36 85
36 39
36 46
36 38
37 65
37 69
37 66
37 47
37 73
37 52
37 59
37 61
37 53
37 71
37 57
37 48
37 54
37 56
37 43
37 82
37 76
38 69
38 47
38 52
38 61
38 53
38 78
38 44
38 40
38 42
38 57
38 48
38 80
39 86
39 69
39 52
39 77
39 53
39 81
39 83
39 48
39 41
39 46
40 86
40 69
40 66
40 73
40 78
40 44
40 57
40 58
40 85
40 42
40 45
40 46
40 79
41 86
41 69
41 66
41 47
41 61
41 78
41 45
42 65
42 70
42 86
42 69
42 68
42 66
42 73
42 52
42 77
42 53
42 72
42 78
42 44
42 62
42 57
42 54
42 58
42 45
42 46
42 49
42 79
43 65
43 70
43 86
43 69
43 47
43 52
43 59
43 61
43 53
43 48
43 54
43 56
43 74
44 86
44 69
44 78
44 62
44 49
45 86
45 69
45 66
45 59
45 78
45 54
45 85
46 86
46 69
46 52
46 78
46 57
46 58
46 85
46 79
46 76
47 65
47 70
47 86
47 69
47 68
47 66
47 71
47 72
47 59
47 61
47 83
47 48
47 77
47 78
47 51
47 52
47 53
47 54
47 56
47 55
47 58
47 87
47 60
47 80
47 81
47 82
47 79
47 74
47 75
47 76
48 86
48 69
48 68
48 66
48 52
48 59
48 61
48 53
48 78
48 62
48 81
48 71
48 56
48 87
48 80
48 82
48 79
48 74
48 76
49 86
49 69
49 78
49 62
49 71
49 56
50 64
50 69
50 58
51 70
51 86
51 69
51 66
51 73
51 52
51 61
51 77
51 60
52 65
52 86
52 69
52 68
52 66
52 71
52 72
52 59
52 61
52 83
52 78
52 53
52 54
52 56
52 62
52 87
52 80
52 81
52 82
52 79
52 74
52 75
53 69
53 68
53 73
53 59
53 61
53 71
53 72
53 83
53 78
53 54
53 56
53 87
53 80
53 81
53 82
53 74
53 75
54 70
54 86
54 69
54 73
54 59
54 61
54 56
54 87
54 82
55 65
55 69
55 68
55 73
55 59
55 72
55 78
55 71
55 87
55 82
55 85
56 86
56 69
56 59
56 81
56 71
56 87
56 80
56 82
56 74
56 75
57 86
57 69
57 68
57 73
57 61
57 77
57 78
57 85
57 79
58 86
58 69
58 68
58 66
58 61
58 77
58 78
58 85
58 74
59 65
59 70
59 86
59 69
59 68
59 66
59 73
59 71
59 72
59 61
59 77
59 78
59 87
59 80
59 81
59 82
59 79
59 74
59 76
60 70
60 86
60 69
60 68
60 73
60 61
60 77
60 78
61 65
61 70
61 86
61 69
61 68
61 66
61 73
61 71
61 77
61 78
61 87
61 80
61 81
61 85
61 79
61 74
62 65
62 86
62 69
62 66
62 78
64 69
65 70
65 71
65 72
65 86
65 69
65 68
65 83
65 78
65 87
65 76
66 70
66 86
66 69
66 68
66 71
66 78
66 73
66 79
66 74
67 69
68 70
68 86
68 69
68 71
68 72
68 77
68 78
68 73
68 87
68 81
68 82
68 85
69 70
69 86
69 71
69 72
69 83
69 77
69 78
69 73
69 87
69 80
69 81
69 82
69 85
69 79
69 74
69 75
69 76
70 84
70 71
70 86
70 77
70 78
70 73
70 76
71 86
71 73
71 77
71 72
71 78
71 81
71 83
71 87
71 80
71 82
71 79
71 74
72 78
72 87
72 79
73 86
73 77
73 78
73 81
73 85
73 79
74 87
74 85
74 82
77 86
77 78
78 86
78 83
78 85
78 79
79 86
79 83
79 85
80 81
80 87
81 87
81 82
82 86
82 87
83 86
83 87
85 86
