0 32
0 11
0 51
0 62
0 16
0 79
0 80
0 17
0 6
0 86
0 91
0 15
0 76
0 87
0 27
0 35
0 37
0 43
0 88
0 96
0 12
0 85
0 70
0 31
0 23
0 83
0 59
0 10
0 25
0 8
0 57
0 18
0 30
0 90
0 95
0 36
0 19
0 20
0 22
0 38
0 82
0 29
0 89
0 42
0 39
0 14
0 92
0 93
0 94
0 7
0 1
0 2
0 3
0 4
0 5
0 26
0 44
0 49
0 73
0 24
0 78
0 81
0 84
0 74
0 75
0 77
0 33
0 34
0 28
0 13
0 40
0 41
0 58
0 21
0 45
0 46
0 47
0 48
0 50
0 52
0 53
0 54
0 55
0 56
0 60
0 61
0 63
0 64
0 65
0 66
0 67
0 68
0 69
0 72
0 71
0 9
1 32
1 51
1 12
1 83
1 24
1 89
1 3
1 29
1 95
1 36
1 19
1 20
1 22
1 38
1 92
1 94
1 7
1 4
1 26
1 44
1 73
1 46
1 68
2 51
2 12
2 83
2 34
2 92
2 20
2 93
2 94
2 7
2 44
2 49
2 73
2 45
2 46
2 47
2 54
2 69
3 51
3 6
3 12
3 23
3 83
3 24
3 95
3 20
3 38
3 29
3 92
3 94
3 44
3 49
3 73
3 46
3 48
3 9
4 23
4 83
4 89
4 29
4 38
4 95
4 19
4 20
4 44
4 7
5 15
5 76
5 23
5 95
5 36
5 20
5 44
6 11
6 79
6 10
6 8
6 19
6 38
6 57
6 37
6 83
6 93
6 94
6 44
6 24
6 74
6 75
6 77
7 51
7 12
7 83
7 10
7 24
7 29
7 38
7 19
7 94
7 44
7 26
8 79
8 37
8 12
8 24
8 75
8 77
8 56
9 83
9 28
9 92
9 93
9 94
9 49
9 47
9 48
9 26
9 46
9 71
10 79
10 15
10 25
10 19
10 29
10 26
10 24
10 74
11 79
11 15
11 25
11 19
11 20
11 38
11 29
11 31
11 26
11 44
11 23
11 65
12 51
12 79
12 80
12 15
12 76
12 37
12 19
12 20
12 38
12 29
12 83
12 92
12 94
12 31
12 26
12 44
12 49
12 73
12 23
12 24
12 78
12 75
12 77
12 33
12 28
12 46
12 47
12 52
12 53
12 54
12 60
12 61
12 65
13 47
13 46
13 52
13 53
13 54
14 25
14 82
15 95
15 20
15 23
16 80
17 30
19 91
19 76
19 23
19 24
19 74
19 29
19 38
19 92
19 22
19 44
20 51
20 80
20 83
20 29
20 38
20 95
20 36
20 22
20 49
21 40
21 50
22 29
22 26
22 45
23 80
23 91
23 76
23 95
23 29
23 83
23 94
23 44
23 24
23 81
24 79
24 83
24 57
24 38
24 29
24 92
24 93
24 94
24 44
24 73
24 74
24 75
24 46
24 65
25 79
25 85
25 82
26 83
26 28
26 89
26 29
26 38
26 92
26 94
26 44
26 75
26 78
28 79
28 83
28 92
28 46
28 47
28 48
28 52
28 53
28 54
28 60
28 61
29 80
29 91
29 76
29 83
29 89
29 95
29 36
29 38
29 92
29 93
29 44
29 81
29 68
31 65
32 37
32 83
32 76
33 83
35 88
35 40
35 41
36 83
36 38
36 44
37 55
38 83
38 89
38 95
38 92
38 44
38 47
38 68
40 88
40 49
40 41
40 50
41 88
41 50
42 86
42 87
42 59
42 58
44 51
44 76
44 83
44 92
44 95
44 94
44 49
44 73
46 51
46 92
46 94
46 47
46 48
46 52
46 53
46 54
46 60
46 61
46 63
47 51
47 83
47 65
47 92
47 93
47 78
47 48
47 52
47 53
47 54
47 60
47 61
47 64
47 71
48 94
48 52
48 53
48 54
48 60
48 61
48 63
49 51
49 83
49 92
49 93
49 94
49 73
49 71
50 88
51 83
51 92
51 94
51 73
51 52
51 54
51 60
51 61
51 65
52 83
52 65
52 61
52 53
52 54
52 60
52 64
53 61
53 54
53 60
54 61
54 60
54 63
56 79
57 79
57 84
58 86
58 87
59 86
59 87
60 65
60 61
60 63
61 78
61 63
62 75
65 79
65 94
65 75
69 92
71 93
73 83
73 92
73 93
73 94
74 79
76 91
76 81
77 79
79 83
80 89
80 83
81 91
83 95
83 92
83 93
83 94
86 87
90 95
92 95
92 93
92 94
93 94
94 95
