0 25
0 21
0 23
0 56
0 84
0 44
0 20
0 22
0 66
0 67
0 19
0 29
0 34
0 81
0 82
0 83
0 2
0 3
0 4
0 5
0 6
0 7
0 8
0 9
0 10
0 11
0 12
0 13
0 14
0 15
0 16
0 17
0 18
0 45
0 48
0 33
0 54
0 61
0 27
0 28
0 30
0 31
0 32
0 35
0 36
0 37
0 38
0 39
0 40
0 41
0 42
0 43
0 46
0 47
0 49
0 51
0 52
0 50
0 1
0 53
0 55
0 63
0 68
0 69
0 70
0 71
0 72
0 73
0 74
0 75
0 76
0 77
0 78
0 79
0 80
0 87
0 88
0 89
0 90
0 91
0 92
0 93
0 94
0 95
1 21
1 23
1 56
1 84
1 44
1 20
1 22
1 66
1 67
1 34
1 81
1 82
1 4
1 7
1 9
1 10
1 11
1 13
1 16
1 54
1 28
1 32
1 38
1 39
1 41
1 42
1 43
1 47
1 49
1 51
1 52
1 19
1 29
1 83
1 2
1 3
1 5
1 6
1 8
1 12
1 14
1 15
1 45
1 48
1 33
1 61
1 27
1 30
1 40
1 46
1 50
1 53
1 55
1 63
1 68
1 70
1 71
1 72
1 74
1 76
1 77
1 79
1 80
1 87
1 88
1 89
1 90
1 91
1 92
1 93
1 94
1 95
2 44
2 67
2 34
2 81
2 82
2 85
2 86
2 4
2 7
2 9
2 10
2 11
2 13
2 16
2 54
2 28
2 31
2 32
2 37
2 38
2 39
2 41
2 42
2 43
2 47
2 49
2 51
2 52
2 53
2 55
2 59
2 62
2 63
2 64
2 65
2 70
2 73
2 75
2 76
2 78
2 89
2 90
2 94
2 95
2 45
2 29
2 83
2 3
2 6
2 12
2 14
2 15
2 17
2 18
2 30
2 74
2 77
2 80
2 91
2 96
3 21
3 23
3 56
3 84
3 44
3 22
3 66
3 67
3 34
3 81
3 82
3 85
3 86
3 4
3 7
3 9
3 10
3 11
3 13
3 16
3 54
3 28
3 31
3 32
3 37
3 38
3 39
3 41
3 42
3 43
3 47
3 49
3 51
3 52
3 53
3 55
3 59
3 62
3 63
3 64
3 65
3 70
3 73
3 75
3 76
3 78
3 89
3 90
3 94
3 95
3 45
3 29
3 19
3 8
3 48
3 5
3 6
3 12
3 14
3 15
3 17
3 18
3 27
3 30
3 36
3 40
3 46
3 50
3 68
3 72
3 79
3 87
3 88
3 92
3 93
4 21
4 23
4 56
4 84
4 44
4 20
4 22
4 66
4 67
4 34
4 81
4 82
4 85
4 86
4 19
4 29
4 83
4 5
4 6
4 7
4 8
4 9
4 10
4 11
4 12
4 13
4 14
4 15
4 16
4 17
4 18
4 45
4 48
4 33
4 54
4 61
4 27
4 28
4 30
4 31
4 32
4 35
4 36
4 37
4 38
4 39
4 40
4 41
4 42
4 43
4 46
4 47
4 49
4 51
4 52
4 50
4 53
4 55
4 59
4 62
4 63
4 64
4 65
4 68
4 69
4 70
4 71
4 72
4 73
4 74
4 75
4 76
4 77
4 78
4 79
4 80
4 87
4 88
4 89
4 90
4 91
4 92
4 93
4 94
4 95
5 44
5 22
5 66
5 67
5 34
5 81
5 82
5 85
5 86
5 7
5 9
5 10
5 11
5 13
5 16
5 54
5 28
5 31
5 32
5 37
5 38
5 39
5 41
5 42
5 43
5 47
5 49
5 51
5 52
5 53
5 55
5 59
5 62
5 63
5 64
5 65
5 70
5 73
5 75
5 76
5 78
5 89
5 90
5 94
5 95
5 45
5 29
5 83
5 8
5 48
5 6
5 12
5 14
5 17
5 18
5 30
5 15
5 27
5 40
5 50
5 60
5 58
5 68
5 69
5 79
5 87
5 88
5 92
5 96
6 56
6 44
6 66
6 67
6 34
6 81
6 82
6 85
6 86
6 7
6 9
6 10
6 11
6 13
6 16
6 54
6 28
6 31
6 32
6 37
6 38
6 39
6 41
6 42
6 43
6 47
6 49
6 51
6 52
6 53
6 55
6 59
6 62
6 63
6 64
6 65
6 70
6 73
6 75
6 76
6 78
6 89
6 90
6 94
6 95
6 29
6 83
6 19
6 8
6 48
6 12
6 14
6 15
6 17
6 18
6 27
6 30
6 35
6 36
6 40
6 60
6 58
6 68
6 69
6 72
6 74
6 77
6 80
6 88
6 91
6 96
7 21
7 23
7 44
7 20
7 22
7 66
7 67
7 34
7 81
7 82
7 19
7 29
7 83
7 8
7 9
7 10
7 11
7 12
7 13
7 14
7 15
7 16
7 17
7 18
7 45
7 48
7 33
7 54
7 61
7 27
7 28
7 30
7 31
7 32
7 35
7 36
7 37
7 38
7 39
7 40
7 41
7 42
7 43
7 47
7 49
7 51
7 52
7 53
7 55
7 63
7 68
7 69
7 70
7 71
7 72
7 73
7 74
7 75
7 76
7 77
7 78
7 79
7 80
7 89
7 90
7 94
7 95
8 56
8 44
8 67
8 34
8 81
8 82
8 9
8 10
8 11
8 13
8 16
8 54
8 28
8 31
8 32
8 37
8 38
8 39
8 41
8 42
8 43
8 47
8 49
8 51
8 52
8 53
8 55
8 63
8 70
8 73
8 75
8 76
8 78
8 89
8 90
8 94
8 95
8 29
8 83
8 19
8 12
8 14
8 15
8 17
8 18
8 48
8 33
8 61
8 30
8 69
8 72
9 21
9 23
9 56
9 84
9 44
9 20
9 22
9 66
9 67
9 34
9 81
9 82
9 19
9 29
9 83
9 10
9 11
9 12
9 13
9 14
9 15
9 16
9 17
9 18
9 45
9 48
9 33
9 54
9 61
9 27
9 28
9 30
9 31
9 32
9 35
9 36
9 37
9 38
9 39
9 40
9 41
9 42
9 43
9 46
9 47
9 49
9 51
9 52
9 53
9 55
9 63
9 68
9 69
9 70
9 71
9 72
9 73
9 74
9 75
9 76
9 77
9 78
9 79
9 80
9 87
9 88
9 89
9 90
9 94
9 95
10 21
10 23
10 84
10 44
10 20
10 22
10 66
10 67
10 34
10 81
10 82
10 19
10 29
10 83
10 11
10 12
10 13
10 16
10 18
10 45
10 48
10 33
10 54
10 61
10 27
10 28
10 30
10 31
10 32
10 35
10 36
10 37
10 38
10 39
10 40
10 41
10 42
10 43
10 46
10 47
10 49
10 51
10 52
10 53
10 55
10 60
10 58
10 63
10 68
10 69
10 70
10 71
10 72
10 73
10 74
10 75
10 76
10 77
10 78
10 79
10 80
10 87
10 90
10 94
10 95
10 96
11 21
11 23
11 56
11 84
11 44
11 20
11 66
11 67
11 34
11 81
11 82
11 19
11 29
11 83
11 12
11 13
11 14
11 15
11 16
11 17
11 18
11 45
11 48
11 33
11 54
11 61
11 27
11 28
11 30
11 31
11 32
11 38
11 39
11 40
11 41
11 42
11 43
11 46
11 47
11 49
11 51
11 52
11 50
11 53
11 55
11 63
11 68
11 70
11 74
11 76
11 77
11 80
11 87
11 88
11 89
11 90
11 91
11 92
11 93
11 94
11 95
12 56
12 84
12 44
12 22
12 66
12 67
12 34
12 81
12 82
12 13
12 16
12 54
12 28
12 31
12 32
12 38
12 39
12 41
12 42
12 43
12 47
12 49
12 51
12 52
12 53
12 55
12 89
12 90
12 94
12 95
12 45
12 29
12 19
12 48
12 14
12 15
12 17
12 18
12 27
12 30
12 36
12 40
12 50
12 68
12 88
12 92
12 93
13 21
13 23
13 56
13 84
13 44
13 20
13 22
13 66
13 67
13 34
13 81
13 82
13 19
13 29
13 83
13 14
13 15
13 16
13 17
13 18
13 45
13 48
13 33
13 54
13 61
13 27
13 28
13 30
13 32
13 35
13 36
13 38
13 39
13 40
13 41
13 42
13 43
13 46
13 47
13 49
13 51
13 52
13 50
13 53
13 55
13 63
13 68
13 70
13 71
13 74
13 76
13 77
13 80
13 87
13 88
13 89
13 90
13 91
13 92
13 93
13 94
13 95
14 56
14 84
14 44
14 66
14 67
14 34
14 81
14 82
14 16
14 54
14 28
14 31
14 32
14 38
14 39
14 41
14 42
14 43
14 47
14 49
14 51
14 52
14 53
14 89
14 90
14 95
14 45
14 29
14 19
14 48
14 15
14 17
14 18
14 27
14 30
14 36
14 40
14 46
14 50
14 68
14 79
14 88
14 92
14 93
15 21
15 23
15 56
15 84
15 44
15 66
15 67
15 34
15 81
15 82
15 16
15 54
15 28
15 31
15 32
15 38
15 39
15 41
15 42
15 43
15 47
15 49
15 51
15 52
15 53
15 89
15 90
15 95
15 45
15 29
15 48
15 17
15 18
15 30
15 27
15 68
15 40
15 93
15 36
15 46
15 50
15 79
15 87
15 88
15 92
16 21
16 23
16 56
16 84
16 44
16 20
16 22
16 66
16 67
16 34
16 81
16 82
16 29
16 83
16 17
16 18
16 45
16 48
16 33
16 54
16 27
16 28
16 30
16 32
16 35
16 36
16 38
16 39
16 40
16 41
16 42
16 43
16 46
16 47
16 49
16 51
16 52
16 50
16 53
16 55
16 63
16 68
16 70
16 71
16 74
16 76
16 77
16 80
16 87
16 88
16 89
16 90
16 91
16 92
16 93
16 95
17 84
17 44
17 66
17 67
17 34
17 81
17 82
17 54
17 28
17 31
17 32
17 38
17 39
17 41
17 42
17 47
17 49
17 51
17 52
17 53
17 89
17 90
17 95
17 45
17 29
17 19
17 48
17 18
17 27
17 30
17 36
17 40
17 50
17 68
17 88
17 92
17 93
18 84
18 44
18 66
18 67
18 34
18 81
18 82
18 54
18 28
18 31
18 32
18 38
18 39
18 41
18 42
18 47
18 49
18 51
18 52
18 53
18 89
18 90
18 95
18 45
18 29
18 19
18 48
18 27
18 30
18 36
18 40
18 50
18 68
18 88
18 92
18 93
19 56
19 44
19 67
19 34
19 81
19 82
19 85
19 86
19 54
19 28
19 31
19 32
19 37
19 38
19 39
19 41
19 42
19 43
19 47
19 49
19 51
19 52
19 53
19 55
19 59
19 62
19 63
19 65
19 70
19 73
19 75
19 76
19 78
19 89
19 90
19 94
19 95
19 48
19 33
19 61
19 30
20 21
20 23
20 44
20 34
20 81
20 82
20 83
20 85
20 86
20 22
20 45
20 54
20 67
20 28
20 30
20 31
20 32
20 37
20 38
20 39
20 41
20 42
20 43
20 47
20 49
20 51
20 52
20 53
20 55
20 59
20 62
20 63
20 64
20 65
20 69
20 70
20 73
20 75
20 76
20 78
20 89
20 90
20 94
20 95
21 34
21 81
21 82
21 22
21 23
21 44
21 45
21 54
21 67
21 28
21 30
21 31
21 32
21 37
21 39
21 41
21 42
21 43
21 47
21 49
21 51
21 52
21 53
21 55
21 63
21 70
21 73
21 75
21 76
21 78
21 89
21 90
21 94
21 95
22 56
22 44
22 29
22 34
22 81
22 82
22 83
22 48
22 54
22 61
22 66
22 28
22 37
22 38
22 40
22 41
22 42
22 43
22 47
22 49
22 51
22 52
22 53
22 55
22 63
22 68
22 70
22 73
22 76
22 77
22 80
22 88
22 89
22 90
22 94
22 95
23 34
23 81
23 82
23 44
23 45
23 54
23 66
23 67
23 28
23 30
23 37
23 41
23 42
23 43
23 47
23 49
23 51
23 52
23 53
23 55
23 63
23 70
23 73
23 76
23 89
23 90
23 94
23 95
24 25
24 29
24 34
24 81
25 29
25 34
25 81
25 82
25 83
26 81
27 44
27 66
27 67
27 34
27 81
27 82
27 54
27 28
27 32
27 37
27 38
27 39
27 41
27 42
27 43
27 47
27 49
27 51
27 52
27 53
27 55
27 63
27 70
27 73
27 75
27 76
27 78
27 89
27 90
27 94
27 95
27 45
27 83
27 48
27 30
27 60
27 57
27 58
27 92
27 93
27 96
28 56
28 84
28 44
28 66
28 67
28 34
28 81
28 82
28 54
28 29
28 83
28 45
28 48
28 33
28 61
28 30
28 31
28 32
28 35
28 36
28 37
28 38
28 39
28 40
28 41
28 42
28 43
28 46
28 47
28 49
28 51
28 52
28 50
28 53
28 55
28 60
28 57
28 58
28 63
28 68
28 70
28 71
28 72
28 73
28 74
28 75
28 76
28 77
28 78
28 80
28 87
28 88
28 89
28 90
28 91
28 92
28 93
28 94
28 95
28 96
29 44
29 67
29 34
29 81
29 82
29 54
29 31
29 32
29 37
29 38
29 39
29 41
29 42
29 43
29 47
29 49
29 51
29 52
29 53
29 55
29 63
29 70
29 73
29 75
29 76
29 78
29 89
29 90
29 94
29 95
29 45
29 30
29 87
30 56
30 44
30 66
30 67
30 34
30 81
30 82
30 85
30 86
30 54
30 31
30 32
30 37
30 38
30 39
30 41
30 42
30 43
30 47
30 49
30 51
30 52
30 53
30 55
30 59
30 62
30 63
30 64
30 65
30 70
30 73
30 75
30 76
30 78
30 89
30 90
30 94
30 95
30 83
30 48
30 33
30 61
30 35
30 36
30 40
30 46
30 50
30 68
30 69
30 71
30 72
30 74
30 77
30 79
30 80
30 87
30 88
30 91
30 92
30 96
31 44
31 66
31 67
31 34
31 81
31 82
31 85
31 86
31 54
31 48
31 33
31 61
31 32
31 35
31 36
31 37
31 38
31 39
31 41
31 42
31 43
31 47
31 49
31 51
31 52
31 59
31 62
31 63
31 64
31 65
31 68
31 69
31 70
31 71
31 72
31 73
31 74
31 75
31 76
31 78
31 89
31 95
32 44
32 66
32 67
32 34
32 81
32 82
32 85
32 86
32 54
32 48
32 33
32 61
32 35
32 36
32 37
32 38
32 39
32 41
32 42
32 43
32 47
32 49
32 51
32 52
32 53
32 55
32 62
32 63
32 65
32 68
32 69
32 70
32 71
32 72
32 73
32 74
32 75
32 76
32 78
32 89
32 90
32 94
32 95
33 56
33 44
33 67
33 34
33 81
33 82
33 85
33 86
33 54
33 37
33 38
33 39
33 41
33 42
33 43
33 47
33 49
33 51
33 52
33 53
33 55
33 59
33 62
33 63
33 64
33 65
33 70
33 73
33 75
33 76
33 78
33 89
33 90
33 94
33 95
33 48
33 61
34 56
34 84
34 44
34 66
34 67
34 81
34 82
34 83
34 45
34 48
34 54
34 61
34 35
34 36
34 37
34 38
34 39
34 40
34 41
34 42
34 43
34 46
34 47
34 49
34 51
34 52
34 53
34 55
34 63
34 68
34 69
34 70
34 71
34 72
34 73
34 74
34 75
34 76
34 77
34 78
34 79
34 80
34 87
34 88
34 89
34 90
34 91
34 93
34 94
34 95
35 44
35 66
35 67
35 81
35 82
35 54
35 37
35 38
35 39
35 41
35 42
35 43
35 47
35 49
35 51
35 52
35 53
35 55
35 63
35 70
35 73
35 75
35 76
35 78
35 89
35 90
35 94
35 95
35 48
36 44
36 66
36 67
36 81
36 82
36 54
36 37
36 38
36 39
36 41
36 42
36 43
36 47
36 49
36 51
36 52
36 53
36 55
36 63
36 70
36 73
36 75
36 76
36 78
36 89
36 90
36 94
36 95
36 48
37 56
37 84
37 44
37 66
37 67
37 81
37 82
37 54
37 83
37 45
37 48
37 61
37 38
37 39
37 40
37 41
37 42
37 43
37 46
37 47
37 49
37 51
37 52
37 63
37 68
37 69
37 70
37 71
37 72
37 73
37 74
37 75
37 76
37 77
37 78
37 79
37 80
37 87
37 88
37 89
38 56
38 44
38 66
38 67
38 81
38 82
38 54
38 83
38 45
38 48
38 61
38 39
38 41
38 42
38 43
38 47
38 49
38 51
38 52
38 50
38 53
38 55
38 60
38 58
38 63
38 68
38 69
38 70
38 71
38 73
38 75
38 76
38 78
38 79
38 87
38 89
38 90
38 94
38 95
38 96
39 44
39 66
39 67
39 81
39 82
39 54
39 48
39 61
39 41
39 42
39 43
39 47
39 49
39 51
39 52
39 53
39 55
39 63
39 68
39 69
39 70
39 71
39 72
39 73
39 74
39 75
39 76
39 78
39 89
39 90
39 94
39 95
40 56
40 44
40 66
40 67
40 81
40 82
40 54
40 41
40 42
40 43
40 47
40 49
40 51
40 52
40 53
40 55
40 63
40 70
40 73
40 76
40 89
40 90
40 94
40 95
40 45
40 48
40 60
40 96
41 84
41 44
41 66
41 67
41 81
41 82
41 54
41 83
41 45
41 48
41 61
41 42
41 43
41 46
41 47
41 49
41 51
41 52
41 53
41 55
41 63
41 68
41 69
41 70
41 71
41 72
41 73
41 74
41 75
41 76
41 77
41 78
41 79
41 80
41 87
41 89
41 90
41 94
41 95
41 96
42 84
42 44
42 66
42 67
42 81
42 82
42 54
42 48
42 61
42 43
42 47
42 49
42 51
42 52
42 53
42 55
42 63
42 68
42 69
42 70
42 71
42 72
42 73
42 74
42 75
42 76
42 77
42 78
42 79
42 80
42 89
42 90
42 94
42 95
43 56
43 44
43 66
43 67
43 81
43 82
43 54
43 83
43 48
43 61
43 47
43 49
43 51
43 52
43 53
43 55
43 63
43 68
43 69
43 70
43 71
43 72
43 73
43 74
43 75
43 76
43 77
43 78
43 79
43 80
43 88
43 89
43 90
43 94
43 95
44 56
44 84
44 81
44 82
44 83
44 45
44 48
44 54
44 61
44 66
44 67
44 46
44 47
44 49
44 51
44 52
44 53
44 55
44 63
44 68
44 69
44 70
44 71
44 72
44 73
44 74
44 75
44 76
44 77
44 78
44 79
44 80
44 87
44 88
44 89
44 90
44 94
44 95
45 56
45 66
45 81
45 82
45 54
45 47
45 49
45 51
45 52
45 53
45 55
45 63
45 70
45 73
45 76
45 89
45 90
45 94
45 95
45 48
45 61
45 68
45 74
45 77
45 80
45 88
46 66
46 81
46 82
46 54
46 47
46 49
46 51
46 52
46 53
46 55
46 63
46 70
46 73
46 89
46 90
46 94
46 95
46 48
47 56
47 84
47 66
47 67
47 81
47 82
47 54
47 83
47 48
47 61
47 49
47 51
47 52
47 50
47 53
47 55
47 63
47 68
47 70
47 71
47 72
47 73
47 74
47 75
47 76
47 77
47 79
47 80
47 87
47 88
47 89
47 90
47 91
47 92
47 93
47 94
47 95
47 96
48 56
48 84
48 66
48 67
48 81
48 82
48 85
48 86
48 54
48 49
48 51
48 52
48 53
48 55
48 59
48 62
48 63
48 64
48 65
48 70
48 73
48 75
48 76
48 78
48 89
48 90
48 94
48 95
48 83
48 61
48 50
48 60
48 57
48 58
48 69
48 93
49 56
49 84
49 66
49 67
49 81
49 82
49 54
49 83
49 61
49 51
49 52
49 53
49 55
49 60
49 63
49 68
49 69
49 70
49 71
49 72
49 73
49 74
49 75
49 76
49 77
49 78
49 79
49 80
49 87
49 88
49 89
49 90
49 91
49 94
49 95
49 96
50 66
50 81
50 53
50 55
50 90
50 94
50 95
50 60
50 96
51 56
51 84
51 66
51 67
51 81
51 82
51 54
51 83
51 61
51 52
51 53
51 55
51 63
51 68
51 69
51 70
51 71
51 72
51 73
51 74
51 75
51 76
51 77
51 78
51 79
51 80
51 87
51 88
51 89
51 90
51 94
51 95
52 56
52 84
52 66
52 67
52 81
52 82
52 54
52 83
52 61
52 53
52 55
52 63
52 68
52 69
52 70
52 71
52 72
52 73
52 74
52 75
52 76
52 77
52 78
52 79
52 80
52 87
52 88
52 89
52 90
52 94
52 95
53 56
53 84
53 66
53 67
53 81
53 82
53 54
53 83
53 61
53 55
53 63
53 68
53 70
53 71
53 72
53 74
53 76
53 77
53 79
53 80
53 87
53 88
53 89
53 90
53 91
53 92
53 93
53 94
53 95
54 56
54 84
54 66
54 67
54 81
54 82
54 83
54 61
54 55
54 63
54 68
54 69
54 70
54 71
54 72
54 73
54 74
54 75
54 76
54 77
54 78
54 79
54 80
54 87
54 88
54 89
54 90
54 91
54 94
54 95
55 56
55 84
55 66
55 67
55 81
55 82
55 83
55 61
55 63
55 68
55 70
55 71
55 74
55 76
55 77
55 80
55 87
55 88
55 89
55 90
55 91
55 92
55 93
55 94
55 95
56 81
56 82
56 61
56 66
56 67
56 72
56 73
56 89
56 90
56 94
56 95
57 81
57 60
57 96
58 66
58 81
58 60
58 96
59 66
59 67
59 81
59 82
59 85
59 86
59 62
59 63
59 64
59 65
59 68
59 69
59 76
60 66
60 81
60 83
60 96
61 67
61 81
61 82
61 85
61 86
61 62
61 63
61 65
61 70
61 73
61 75
61 76
61 78
61 89
61 90
61 94
61 95
61 83
61 69
61 93
62 66
62 67
62 81
62 82
62 85
62 86
62 63
62 64
62 65
62 68
62 69
62 76
63 66
63 67
63 81
63 82
63 85
63 86
63 83
63 64
63 65
63 68
63 69
63 70
63 71
63 72
63 73
63 74
63 75
63 76
63 77
63 78
63 79
63 80
63 87
63 89
63 90
63 94
63 95
64 66
64 67
64 81
64 82
64 85
64 86
64 65
64 68
64 69
65 66
65 67
65 81
65 82
65 85
65 86
65 68
65 69
66 84
66 81
66 82
66 83
66 85
66 86
66 67
66 68
66 69
66 70
66 71
66 72
66 73
66 75
66 76
66 77
66 78
66 79
66 87
66 88
66 89
66 90
66 92
66 93
66 94
66 95
66 96
67 81
67 82
67 83
67 85
67 86
67 68
67 69
67 70
67 71
67 72
67 73
67 74
67 75
67 76
67 77
67 80
67 87
67 88
67 89
67 90
67 91
67 93
67 94
67 95
68 81
68 82
68 85
68 86
68 70
68 73
68 75
68 76
68 78
68 89
68 90
68 94
68 95
68 88
69 81
69 82
69 85
69 86
69 70
69 73
69 75
69 76
69 78
69 89
69 74
70 81
70 82
70 86
70 83
70 71
70 72
70 73
70 74
70 75
70 76
70 77
70 78
70 79
70 80
70 87
70 89
70 90
70 94
70 95
71 81
71 82
71 73
71 75
71 76
71 78
71 89
71 90
71 94
71 95
72 81
72 82
72 73
72 75
72 76
72 78
72 89
73 84
73 81
73 82
73 83
73 74
73 75
73 76
73 77
73 78
73 79
73 80
73 87
73 88
73 89
74 81
74 82
74 75
74 76
74 78
74 89
74 90
74 94
74 95
74 77
74 80
74 91
74 96
75 81
75 82
75 76
75 78
75 89
76 81
76 82
76 85
76 83
76 77
76 78
76 79
76 80
76 89
76 90
76 94
76 95
77 81
77 82
77 89
77 90
77 94
77 95
77 80
77 91
77 96
78 81
78 82
78 89
79 81
79 82
79 89
79 95
80 81
80 82
80 89
80 90
80 94
80 95
80 91
80 96
81 84
81 82
81 83
81 85
81 86
81 87
81 88
81 89
81 90
81 91
81 92
81 93
81 94
81 95
81 96
82 84
82 83
82 85
82 86
82 87
82 88
82 89
82 90
82 91
82 94
82 95
83 89
83 90
83 94
83 95
83 93
83 96
84 89
84 90
84 94
84 95
85 86
87 89
87 90
87 94
87 95
88 89
88 90
88 94
88 95
89 90
89 94
89 95
90 91
90 92
90 93
90 94
90 95
91 94
91 95
91 96
92 94
92 95
93 94
93 95
