0 52
0 21
0 26
1 26
2 71
2 72
2 11
2 88
2 9
2 26
2 29
2 34
2 35
2 45
2 39
2 27
2 31
2 36
2 37
2 42
2 41
2 40
2 43
2 44
2 49
2 50
2 51
2 56
2 59
2 63
2 80
2 81
2 82
2 86
2 79
3 26
4 26
5 52
5 11
5 26
5 92
6 26
6 34
6 89
7 26
8 26
8 76
9 69
9 71
9 72
9 88
9 26
9 27
9 31
9 34
9 35
9 36
9 37
9 42
9 41
9 40
9 43
9 44
9 80
9 81
9 82
9 86
9 74
9 79
10 26
11 52
11 26
11 58
12 26
12 50
13 30
13 71
13 72
13 39
13 88
13 90
13 26
13 32
13 33
13 14
13 65
13 73
13 24
13 89
14 26
15 26
16 26
17 26
18 88
18 26
18 31
19 26
19 32
19 74
20 26
20 60
20 76
20 95
21 26
22 26
23 26
24 26
25 26
26 30
26 52
26 69
26 71
26 72
26 95
26 96
26 91
26 73
26 88
26 90
26 94
26 39
26 27
26 28
26 29
26 31
26 32
26 33
26 34
26 35
26 36
26 37
26 42
26 41
26 40
26 43
26 44
26 45
26 46
26 47
26 48
26 49
26 50
26 51
26 53
26 55
26 56
26 57
26 58
26 59
26 60
26 62
26 63
26 80
26 81
26 82
26 83
26 85
26 86
26 93
26 76
26 64
26 75
26 87
26 92
26 65
26 38
26 54
26 61
26 68
26 89
26 70
26 77
26 78
26 66
26 74
26 79
26 84
26 67
27 69
27 71
27 88
27 29
27 34
27 45
27 39
27 33
27 50
27 42
27 31
27 37
27 60
27 75
27 47
27 85
27 40
27 58
27 41
27 43
27 44
27 49
27 51
27 53
27 55
27 56
27 57
27 59
27 63
27 80
27 81
27 86
28 69
28 71
28 72
28 88
28 34
28 39
28 33
28 50
28 42
28 37
28 43
28 46
28 47
28 49
28 51
28 53
28 56
28 57
28 63
28 81
29 69
29 71
29 72
29 88
29 39
29 31
29 33
29 34
29 35
29 37
29 42
29 41
29 40
29 43
29 44
29 45
29 46
29 47
29 48
29 49
29 50
29 51
29 53
29 56
29 57
29 58
29 62
29 63
29 81
29 82
29 83
29 85
29 75
29 84
30 71
30 72
30 88
30 32
30 50
30 95
30 73
30 89
31 69
31 71
31 72
31 95
31 88
31 34
31 35
31 62
31 39
31 33
31 50
31 42
31 36
31 37
31 41
31 40
31 43
31 44
31 46
31 47
31 49
31 51
31 53
31 56
31 57
31 58
31 63
31 80
31 81
31 82
31 83
31 85
31 86
31 75
31 79
31 84
32 71
32 73
32 34
32 74
33 52
33 69
33 71
33 72
33 88
33 34
33 45
33 39
33 37
33 42
33 40
33 43
33 44
33 46
33 47
33 48
33 49
33 51
33 53
33 55
33 56
33 57
33 58
33 63
33 82
33 85
34 69
34 71
34 72
34 88
34 39
34 35
34 36
34 37
34 42
34 41
34 40
34 43
34 44
34 45
34 46
34 47
34 48
34 49
34 50
34 53
34 56
34 57
34 58
34 59
34 60
34 63
34 80
34 81
34 82
34 83
34 85
34 86
34 75
34 74
35 69
35 71
35 72
35 88
35 36
35 37
35 42
35 41
35 40
35 44
35 47
35 53
35 81
35 85
35 86
35 79
35 84
36 69
36 71
36 72
36 88
36 39
36 37
36 75
36 85
36 44
36 79
36 84
37 69
37 71
37 72
37 88
37 39
37 50
37 42
37 41
37 40
37 43
37 44
37 46
37 47
37 51
37 53
37 56
37 57
37 58
37 63
37 80
37 81
37 83
37 85
37 86
37 75
37 79
38 52
39 52
39 69
39 71
39 72
39 88
39 45
39 42
39 40
39 43
39 44
39 46
39 47
39 48
39 49
39 50
39 51
39 53
39 55
39 56
39 57
39 58
39 59
39 60
39 63
39 81
40 69
40 71
40 72
40 88
40 42
40 75
40 47
40 85
40 44
40 53
40 63
40 80
40 83
40 86
40 79
40 84
41 71
41 72
41 88
41 50
41 42
41 75
41 85
41 81
41 82
41 86
41 44
41 79
42 69
42 71
42 72
42 88
42 45
42 50
42 43
42 44
42 47
42 49
42 51
42 53
42 55
42 56
42 57
42 63
42 80
42 85
42 86
42 75
42 79
43 69
43 71
43 72
43 88
43 75
43 47
43 85
43 44
43 46
43 48
43 49
43 51
43 53
43 56
43 63
43 81
43 82
43 86
43 79
44 71
44 72
44 88
44 45
44 50
44 75
44 58
44 46
44 49
44 51
44 53
44 56
44 57
44 81
44 82
44 48
44 63
45 52
45 69
45 71
45 72
45 88
45 47
45 49
45 51
45 53
45 56
45 57
45 62
45 63
45 85
46 69
46 71
46 72
46 88
46 75
46 47
46 85
46 48
46 49
46 51
46 53
46 56
46 57
46 63
46 81
46 82
47 69
47 71
47 72
47 88
47 62
47 50
47 48
47 49
47 51
47 53
47 55
47 56
47 57
47 58
47 63
47 81
47 85
48 71
48 88
48 50
48 75
48 55
48 82
49 69
49 71
49 72
49 88
49 62
49 50
49 58
49 51
49 53
49 56
49 63
49 81
50 52
50 71
50 72
50 88
50 62
50 51
50 53
50 55
50 56
50 57
50 58
50 59
50 60
50 63
51 69
51 71
51 72
51 88
51 62
51 58
51 53
51 55
51 56
51 57
51 59
51 63
51 81
52 69
52 71
52 88
52 58
52 60
52 76
52 92
53 69
53 71
53 88
53 55
53 56
53 57
53 63
53 81
55 69
55 71
55 88
55 56
55 57
55 63
56 69
56 71
56 72
56 88
56 62
56 58
56 57
56 63
56 81
57 69
57 71
57 88
57 58
57 63
58 69
58 71
58 72
58 88
58 59
58 63
58 81
59 71
59 88
59 60
60 71
60 88
62 69
62 71
62 72
62 88
63 71
63 88
63 81
64 92
65 73
68 93
69 71
69 72
69 88
69 81
69 82
69 83
69 85
69 86
69 75
69 84
71 72
71 88
71 80
71 81
71 82
71 83
71 85
71 86
71 95
71 75
71 73
71 79
71 84
72 88
72 80
72 81
72 82
72 83
72 85
72 86
72 75
72 73
72 79
73 88
75 88
75 80
75 83
75 85
75 86
75 79
75 84
76 93
79 88
79 81
79 86
80 88
80 86
81 88
81 85
81 82
81 84
82 88
82 86
83 88
83 85
84 88
84 85
85 88
85 86
86 88
88 95
