0 31
0 1
0 3
0 4
0 5
0 7
0 8
0 11
0 12
0 15
0 16
0 22
0 32
1 31
1 4
1 3
1 5
1 7
1 8
1 11
1 12
1 15
1 16
1 22
1 32
2 89
2 76
3 31
3 4
3 5
3 7
3 8
3 11
3 12
3 15
3 16
3 22
3 32
4 31
4 5
4 7
4 8
4 11
4 12
4 15
4 16
4 22
4 32
5 31
5 7
5 8
5 11
5 12
5 15
5 16
5 22
5 32
6 89
6 13
7 31
7 8
7 11
7 12
7 15
7 16
7 22
7 32
8 31
8 11
8 12
8 15
8 16
8 22
8 32
9 54
9 62
9 68
9 67
9 89
9 56
9 41
9 33
9 29
9 30
9 78
9 48
9 71
9 74
9 13
10 31
10 89
11 31
11 12
11 15
11 16
11 22
11 32
12 31
12 15
12 16
12 22
13 89
14 45
14 63
14 89
15 31
15 16
15 22
16 31
16 22
16 32
17 57
17 63
17 89
17 46
17 47
18 57
18 36
18 81
18 89
19 85
19 89
20 66
20 89
21 77
21 89
21 41
22 31
22 32
23 89
23 56
23 48
24 77
24 50
24 44
24 89
25 63
25 89
26 89
27 89
27 34
27 56
27 70
28 95
28 91
28 92
28 36
28 82
28 81
28 89
28 86
28 93
28 90
28 94
29 54
29 62
29 68
29 67
29 60
29 89
29 56
29 41
29 33
29 30
29 48
29 74
29 78
30 54
30 62
30 68
30 67
30 89
30 56
30 41
30 33
30 48
30 71
30 74
30 78
33 54
33 61
33 62
33 68
33 67
33 39
33 63
33 89
33 56
33 41
33 48
33 71
33 74
33 76
33 78
34 89
34 70
35 91
35 60
35 81
35 82
35 89
36 95
36 57
36 91
36 92
36 63
36 42
36 81
36 82
36 89
36 93
36 94
36 46
36 47
36 75
36 80
36 51
36 52
37 89
38 89
39 62
39 64
39 69
39 63
39 56
39 81
39 89
39 41
40 63
40 89
41 65
41 62
41 68
41 89
41 56
41 78
42 89
43 89
43 88
43 72
43 79
44 77
44 50
44 89
45 63
45 89
46 95
46 57
46 91
46 92
46 63
46 81
46 89
46 47
46 75
46 80
47 57
47 89
47 75
47 80
48 54
48 62
48 68
48 89
48 56
48 78
48 71
48 74
49 57
49 89
50 77
50 63
50 81
50 89
50 97
50 71
51 92
51 81
51 89
52 81
52 89
53 63
53 89
54 63
54 56
54 62
54 68
54 81
54 89
54 67
54 71
54 78
55 83
55 89
56 62
56 68
56 67
56 64
56 63
56 69
56 89
56 71
56 74
56 78
57 95
57 63
57 81
57 82
57 86
57 89
57 91
57 92
57 93
57 75
57 80
58 89
59 89
60 61
60 89
61 62
61 68
61 81
61 89
61 71
61 76
62 68
62 89
62 67
62 71
62 74
62 76
62 78
63 95
63 92
63 64
63 79
63 81
63 89
63 71
63 84
63 85
64 89
65 77
65 89
66 89
67 68
67 89
67 78
68 89
68 71
68 74
68 76
68 78
69 89
70 89
71 81
71 89
71 76
71 74
72 89
72 88
72 79
73 89
74 89
74 78
75 89
75 80
76 89
77 89
77 97
78 89
79 89
79 88
80 89
81 95
81 91
81 92
81 82
81 86
81 89
81 90
81 93
81 94
82 95
82 91
82 92
82 86
82 89
82 90
82 93
82 94
83 89
83 87
84 85
84 89
85 89
86 95
86 91
86 92
86 89
86 90
86 93
87 89
88 89
89 95
89 91
89 92
89 97
89 90
89 93
89 94
89 96
90 91
90 92
90 93
90 94
91 95
91 92
91 93
91 94
92 95
92 93
92 94
93 95
93 94
