0 15
0 75
0 76
0 96
0 77
0 78
0 79
0 80
0 81
0 82
0 83
0 84
0 85
0 86
0 87
0 88
0 89
0 90
0 91
0 92
0 93
0 94
0 95
0 73
0 1
0 19
0 20
0 21
0 22
0 23
0 24
0 26
0 27
0 29
0 30
0 31
0 35
0 33
0 34
0 38
0 36
0 37
0 39
0 40
0 41
0 42
0 43
0 44
0 45
0 46
0 47
0 48
0 49
0 50
0 51
0 52
0 53
0 54
0 55
0 56
0 57
0 58
0 59
0 60
0 61
0 62
0 64
0 65
0 66
0 67
0 69
0 72
0 70
0 71
0 2
0 3
0 4
0 5
0 6
0 7
0 8
0 9
0 10
0 11
0 25
0 63
1 85
1 95
1 21
1 44
1 54
1 82
1 90
1 91
1 26
1 27
1 29
1 33
1 34
1 37
1 50
1 57
1 58
1 59
1 60
1 61
1 70
1 71
1 2
1 63
2 15
2 87
2 39
2 79
2 84
2 86
2 92
2 85
2 95
2 21
2 44
2 48
2 54
2 19
2 77
2 75
2 49
2 78
2 82
2 83
2 90
2 91
2 22
2 26
2 27
2 29
2 33
2 34
2 37
2 41
2 42
2 50
2 55
2 57
2 60
2 61
2 69
2 70
2 71
2 80
2 81
2 88
2 89
2 93
2 94
2 20
2 24
2 30
2 35
2 38
2 36
2 40
2 43
2 45
2 46
2 47
2 51
2 52
2 53
2 62
2 64
2 65
2 66
2 67
2 72
2 25
2 63
3 15
3 87
3 39
3 79
3 84
3 86
3 92
3 76
3 96
3 85
3 95
3 21
3 44
3 73
3 48
3 54
3 19
3 77
3 75
3 49
3 78
3 82
3 83
3 91
3 22
3 26
3 27
3 29
3 31
3 33
3 34
3 37
3 41
3 42
3 50
3 55
3 56
3 57
3 58
3 60
3 70
3 80
3 81
3 88
3 89
3 93
3 94
3 20
3 23
3 24
3 30
3 35
3 38
3 36
3 40
3 43
3 45
3 46
3 47
3 51
3 52
3 53
3 62
3 67
3 4
3 5
3 6
3 7
3 8
3 9
3 10
3 11
3 25
4 15
4 87
4 39
4 79
4 84
4 86
4 92
4 76
4 96
4 85
4 95
4 21
4 44
4 73
4 48
4 54
4 19
4 77
4 75
4 49
4 78
4 82
4 83
4 91
4 22
4 26
4 27
4 29
4 31
4 33
4 34
4 37
4 41
4 42
4 50
4 55
4 56
4 57
4 58
4 60
4 70
4 80
4 81
4 88
4 89
4 93
4 94
4 20
4 23
4 24
4 30
4 35
4 38
4 36
4 40
4 43
4 45
4 46
4 47
4 51
4 52
4 53
4 62
4 5
4 6
4 7
4 8
4 9
4 10
4 11
4 25
5 15
5 87
5 39
5 79
5 84
5 86
5 92
5 76
5 96
5 85
5 21
5 44
5 73
5 48
5 54
5 19
5 77
5 49
5 78
5 82
5 83
5 91
5 22
5 26
5 27
5 29
5 31
5 33
5 34
5 37
5 41
5 42
5 50
5 55
5 56
5 57
5 58
5 6
5 8
5 9
5 25
5 80
5 81
5 88
5 89
5 20
5 23
5 24
5 30
5 35
5 38
5 36
5 40
5 43
5 45
5 46
5 47
5 51
5 52
5 53
5 7
5 10
5 11
6 15
6 87
6 39
6 79
6 84
6 86
6 92
6 76
6 96
6 85
6 21
6 44
6 73
6 48
6 54
6 19
6 77
6 75
6 49
6 78
6 82
6 83
6 91
6 22
6 26
6 27
6 29
6 31
6 33
6 34
6 37
6 41
6 42
6 50
6 55
6 56
6 57
6 58
6 60
6 80
6 81
6 88
6 89
6 93
6 20
6 23
6 24
6 30
6 35
6 38
6 36
6 40
6 43
6 45
6 46
6 47
6 51
6 52
6 53
6 7
6 8
6 9
6 10
6 11
6 25
7 15
7 87
7 39
7 79
7 84
7 86
7 92
7 76
7 96
7 85
7 21
7 44
7 73
7 48
7 54
7 19
7 77
7 49
7 78
7 82
7 83
7 91
7 22
7 26
7 27
7 29
7 31
7 33
7 34
7 37
7 41
7 42
7 50
7 55
7 56
7 57
7 58
7 8
7 9
7 25
7 80
7 81
7 88
7 89
7 20
7 23
7 24
7 30
7 35
7 38
7 36
7 40
7 43
7 45
7 46
7 47
7 51
7 52
7 53
7 10
7 11
8 15
8 87
8 39
8 79
8 84
8 86
8 92
8 76
8 96
8 85
8 21
8 44
8 73
8 48
8 54
8 19
8 77
8 75
8 49
8 78
8 82
8 83
8 91
8 22
8 26
8 27
8 29
8 31
8 33
8 34
8 37
8 41
8 42
8 50
8 55
8 56
8 57
8 58
8 60
8 80
8 81
8 88
8 89
8 93
8 20
8 23
8 24
8 30
8 35
8 38
8 36
8 40
8 43
8 45
8 46
8 47
8 51
8 52
8 53
8 9
8 10
8 11
8 25
9 15
9 87
9 39
9 79
9 84
9 86
9 92
9 76
9 96
9 85
9 21
9 44
9 73
9 48
9 54
9 19
9 77
9 75
9 49
9 78
9 82
9 83
9 91
9 22
9 26
9 27
9 29
9 31
9 33
9 34
9 37
9 41
9 42
9 50
9 55
9 56
9 57
9 58
9 60
9 80
9 81
9 88
9 89
9 93
9 20
9 23
9 24
9 30
9 35
9 38
9 36
9 40
9 43
9 45
9 46
9 47
9 51
9 52
9 53
9 10
9 11
9 25
10 15
10 87
10 39
10 79
10 84
10 86
10 92
10 76
10 96
10 85
10 21
10 44
10 73
10 48
10 54
10 19
10 77
10 49
10 78
10 82
10 83
10 91
10 22
10 26
10 27
10 29
10 31
10 33
10 34
10 37
10 41
10 42
10 50
10 55
10 56
10 57
10 58
10 80
10 81
10 88
10 89
10 20
10 23
10 24
10 30
10 35
10 38
10 36
10 40
10 43
10 45
10 46
10 47
10 51
10 52
10 53
10 11
11 15
11 87
11 39
11 79
11 84
11 86
11 92
11 76
11 96
11 85
11 21
11 44
11 73
11 48
11 54
11 19
11 77
11 49
11 78
11 82
11 83
11 91
11 22
11 26
11 27
11 29
11 31
11 33
11 34
11 37
11 41
11 42
11 50
11 55
11 56
11 57
11 58
11 25
11 80
11 81
11 88
11 89
11 20
11 23
11 24
11 30
11 35
11 38
11 36
11 40
11 43
11 45
11 46
11 47
11 51
11 52
11 53
12 87
12 79
12 84
12 95
12 19
12 77
12 90
12 91
12 26
12 41
12 60
12 61
12 88
12 89
12 30
12 17
12 32
13 87
13 79
13 84
13 92
13 85
13 95
13 19
13 77
13 78
13 82
13 83
13 90
13 91
13 26
13 27
13 60
13 61
13 80
13 81
13 88
13 89
13 94
13 20
13 24
14 84
14 19
14 83
14 91
14 26
14 27
14 60
14 89
14 24
15 76
15 96
15 77
15 78
15 79
15 80
15 81
15 82
15 83
15 84
15 85
15 86
15 87
15 88
15 89
15 90
15 91
15 92
15 95
15 73
15 19
15 20
15 21
15 22
15 23
15 24
15 26
15 27
15 29
15 30
15 31
15 35
15 33
15 34
15 38
15 36
15 37
15 39
15 40
15 41
15 42
15 43
15 44
15 45
15 46
15 47
15 48
15 49
15 50
15 51
15 52
15 53
15 54
15 55
15 56
15 57
15 58
15 64
15 25
15 63
16 87
16 84
16 19
16 77
16 90
16 91
16 26
16 60
16 88
17 87
17 84
17 95
17 77
17 90
17 91
17 26
17 60
17 61
17 88
17 89
17 94
17 74
17 32
18 77
18 78
18 90
18 91
18 26
18 31
18 33
18 61
18 89
19 87
19 39
19 79
19 84
19 86
19 92
19 76
19 96
19 85
19 95
19 21
19 44
19 73
19 48
19 54
19 77
19 78
19 80
19 81
19 82
19 83
19 88
19 89
19 90
19 91
19 94
19 20
19 22
19 23
19 24
19 26
19 27
19 29
19 30
19 31
19 35
19 33
19 34
19 38
19 36
19 37
19 40
19 41
19 42
19 43
19 45
19 46
19 47
19 49
19 50
19 51
19 52
19 53
19 55
19 56
19 57
19 58
19 59
19 60
19 61
19 64
19 67
19 70
19 71
19 25
19 63
20 87
20 39
20 79
20 84
20 86
20 92
20 76
20 96
20 85
20 95
20 21
20 44
20 73
20 48
20 54
20 77
20 49
20 78
20 82
20 83
20 90
20 91
20 22
20 26
20 27
20 29
20 31
20 33
20 34
20 37
20 42
20 50
20 55
20 56
20 57
20 58
20 59
20 60
20 61
20 70
20 71
20 25
20 63
20 80
20 81
20 88
20 89
20 30
20 35
20 36
20 40
20 43
20 45
20 47
20 51
21 87
21 39
21 79
21 84
21 86
21 92
21 76
21 96
21 85
21 95
21 75
21 77
21 78
21 80
21 81
21 82
21 83
21 88
21 89
21 90
21 91
21 93
21 94
21 73
21 22
21 24
21 26
21 27
21 29
21 30
21 31
21 35
21 33
21 34
21 38
21 36
21 37
21 40
21 41
21 42
21 43
21 44
21 45
21 46
21 47
21 48
21 49
21 50
21 51
21 52
21 53
21 54
21 55
21 56
21 57
21 58
21 59
21 60
21 61
21 62
21 64
21 65
21 66
21 67
21 69
21 72
21 70
21 71
21 25
21 63
22 87
22 39
22 79
22 84
22 86
22 92
22 76
22 96
22 85
22 95
22 44
22 73
22 48
22 54
22 77
22 75
22 49
22 78
22 82
22 83
22 90
22 91
22 80
22 81
22 88
22 89
22 93
22 94
22 23
22 24
22 26
22 27
22 29
22 30
22 31
22 35
22 33
22 34
22 38
22 36
22 37
22 40
22 41
22 42
22 43
22 45
22 46
22 47
22 50
22 51
22 52
22 53
22 55
22 56
22 57
22 58
22 59
22 60
22 61
22 66
22 67
22 69
22 70
22 71
22 25
22 63
23 87
23 39
23 79
23 84
23 86
23 92
23 76
23 96
23 85
23 95
23 44
23 73
23 48
23 54
23 77
23 78
23 83
23 91
23 26
23 27
23 29
23 31
23 33
23 37
23 42
23 55
23 56
23 57
23 59
23 60
23 61
23 71
23 25
23 80
23 81
23 88
23 89
23 30
23 35
23 36
23 40
23 43
23 45
23 51
24 87
24 39
24 79
24 84
24 86
24 92
24 76
24 96
24 85
24 95
24 44
24 73
24 48
24 54
24 77
24 78
24 82
24 83
24 90
24 91
24 26
24 27
24 29
24 31
24 33
24 34
24 37
24 41
24 42
24 50
24 55
24 56
24 57
24 58
24 59
24 60
24 61
24 70
24 71
24 25
24 63
24 80
24 81
24 88
24 89
24 30
24 35
24 36
24 40
24 43
24 45
24 47
24 51
24 62
24 66
25 87
25 39
25 79
25 84
25 86
25 92
25 76
25 96
25 85
25 44
25 73
25 48
25 54
25 77
25 75
25 49
25 78
25 82
25 83
25 91
25 26
25 27
25 29
25 31
25 33
25 34
25 37
25 41
25 42
25 50
25 55
25 56
25 57
25 58
25 60
25 61
25 69
25 80
25 81
25 88
25 89
25 93
25 94
25 30
25 35
25 38
25 36
25 40
25 43
25 45
25 46
25 47
25 51
25 52
25 53
25 66
25 67
25 63
26 87
26 39
26 79
26 84
26 86
26 92
26 76
26 96
26 85
26 95
26 44
26 73
26 48
26 54
26 77
26 75
26 49
26 78
26 82
26 83
26 90
26 91
26 80
26 81
26 88
26 89
26 93
26 94
26 27
26 29
26 30
26 31
26 35
26 33
26 34
26 38
26 36
26 37
26 40
26 41
26 42
26 43
26 45
26 46
26 47
26 50
26 51
26 52
26 53
26 55
26 56
26 57
26 58
26 59
26 60
26 61
26 62
26 64
26 65
26 66
26 67
26 69
26 72
26 70
26 71
26 28
26 74
26 32
26 63
26 68
27 87
27 39
27 79
27 84
27 86
27 92
27 76
27 96
27 85
27 95
27 44
27 73
27 48
27 54
27 77
27 75
27 49
27 78
27 82
27 83
27 90
27 91
27 80
27 81
27 88
27 89
27 93
27 94
27 29
27 30
27 31
27 35
27 33
27 34
27 38
27 36
27 37
27 40
27 41
27 42
27 43
27 45
27 46
27 47
27 50
27 51
27 52
27 53
27 55
27 56
27 57
27 58
27 59
27 60
27 61
27 62
27 64
27 65
27 66
27 67
27 69
27 72
27 70
27 71
27 63
28 87
28 79
28 84
28 77
28 78
28 90
28 91
28 61
28 88
28 89
29 87
29 39
29 79
29 84
29 86
29 92
29 76
29 96
29 85
29 95
29 44
29 73
29 48
29 54
29 77
29 75
29 49
29 78
29 82
29 83
29 90
29 91
29 80
29 81
29 88
29 89
29 93
29 94
29 30
29 31
29 35
29 33
29 34
29 38
29 36
29 37
29 40
29 41
29 42
29 43
29 45
29 46
29 47
29 50
29 51
29 52
29 53
29 55
29 56
29 57
29 58
29 59
29 60
29 61
29 62
29 64
29 65
29 66
29 67
29 69
29 72
29 70
29 71
29 63
30 87
30 39
30 79
30 84
30 86
30 92
30 76
30 96
30 85
30 95
30 44
30 73
30 48
30 54
30 77
30 49
30 78
30 82
30 83
30 90
30 91
30 31
30 33
30 34
30 37
30 41
30 42
30 50
30 55
30 56
30 57
30 58
30 59
30 60
30 61
30 69
30 70
30 71
30 63
30 80
30 81
30 88
30 89
30 94
30 35
30 38
30 36
30 40
30 43
30 45
30 46
30 47
30 51
30 52
30 53
30 64
30 65
30 66
30 67
31 87
31 39
31 79
31 84
31 86
31 92
31 76
31 96
31 85
31 95
31 44
31 73
31 48
31 54
31 77
31 75
31 49
31 78
31 82
31 83
31 90
31 91
31 80
31 81
31 88
31 89
31 93
31 94
31 35
31 33
31 34
31 38
31 36
31 37
31 40
31 41
31 42
31 43
31 45
31 46
31 47
31 50
31 51
31 52
31 53
31 55
31 56
31 57
31 58
31 59
31 60
31 61
31 62
31 67
31 71
32 79
32 90
32 91
32 41
32 61
32 89
33 87
33 39
33 79
33 84
33 86
33 92
33 76
33 96
33 85
33 95
33 44
33 73
33 48
33 54
33 77
33 75
33 49
33 78
33 82
33 83
33 90
33 91
33 80
33 81
33 88
33 89
33 93
33 94
33 35
33 34
33 38
33 36
33 37
33 40
33 41
33 42
33 43
33 45
33 46
33 47
33 50
33 51
33 52
33 53
33 55
33 56
33 57
33 58
33 59
33 60
33 61
33 62
33 64
33 65
33 66
33 67
33 69
33 72
33 70
33 71
33 63
33 68
34 87
34 39
34 79
34 84
34 86
34 92
34 76
34 96
34 85
34 95
34 44
34 73
34 48
34 54
34 77
34 75
34 49
34 78
34 82
34 83
34 90
34 91
34 80
34 81
34 88
34 89
34 93
34 94
34 35
34 38
34 36
34 37
34 40
34 41
34 42
34 43
34 45
34 46
34 47
34 50
34 51
34 52
34 53
34 55
34 56
34 57
34 58
34 59
34 60
34 61
34 62
34 64
34 65
34 66
34 67
34 69
34 72
34 70
34 71
34 63
35 87
35 39
35 79
35 84
35 86
35 92
35 76
35 96
35 85
35 95
35 44
35 73
35 48
35 54
35 77
35 49
35 78
35 82
35 83
35 90
35 91
35 37
35 41
35 42
35 50
35 55
35 56
35 57
35 58
35 59
35 60
35 61
35 69
35 70
35 71
35 63
35 80
35 81
35 88
35 89
35 94
35 38
35 36
35 40
35 43
35 45
35 46
35 47
35 51
35 52
35 53
35 62
35 64
35 65
35 66
35 67
36 87
36 39
36 79
36 84
36 86
36 92
36 76
36 96
36 85
36 95
36 44
36 73
36 48
36 54
36 77
36 49
36 78
36 82
36 83
36 90
36 91
36 37
36 41
36 42
36 50
36 55
36 56
36 57
36 58
36 59
36 60
36 61
36 69
36 70
36 71
36 63
36 80
36 81
36 88
36 89
36 94
36 38
36 40
36 43
36 45
36 46
36 47
36 51
36 52
36 53
36 66
36 67
37 87
37 39
37 79
37 84
37 86
37 92
37 76
37 96
37 85
37 95
37 44
37 73
37 48
37 54
37 77
37 75
37 49
37 78
37 82
37 83
37 90
37 91
37 80
37 81
37 88
37 89
37 93
37 94
37 38
37 40
37 41
37 42
37 43
37 45
37 46
37 47
37 50
37 51
37 52
37 53
37 55
37 56
37 57
37 58
37 59
37 60
37 61
37 62
37 64
37 65
37 66
37 67
37 69
37 72
37 70
37 71
37 63
38 87
38 39
38 79
38 84
38 86
38 92
38 76
38 96
38 85
38 95
38 44
38 73
38 48
38 54
38 77
38 78
38 82
38 83
38 90
38 91
38 42
38 50
38 55
38 56
38 57
38 58
38 59
38 60
38 61
38 69
38 70
38 71
38 63
38 80
38 81
38 88
38 40
38 43
38 45
38 47
38 51
38 64
39 87
39 76
39 96
39 77
39 78
39 79
39 80
39 81
39 82
39 83
39 84
39 85
39 86
39 88
39 89
39 90
39 91
39 92
39 94
39 95
39 73
39 40
39 41
39 42
39 43
39 44
39 45
39 46
39 47
39 48
39 49
39 50
39 51
39 52
39 53
39 54
39 55
39 56
39 57
39 58
39 59
39 60
39 61
39 64
39 65
39 66
39 67
39 69
39 70
39 71
39 63
40 87
40 79
40 84
40 86
40 92
40 76
40 96
40 85
40 95
40 44
40 73
40 48
40 54
40 77
40 49
40 78
40 82
40 83
40 90
40 91
40 41
40 42
40 50
40 55
40 56
40 57
40 58
40 59
40 60
40 61
40 70
40 71
40 63
40 80
40 81
40 88
40 89
40 94
40 43
40 45
40 46
40 47
40 51
40 52
40 53
40 64
40 65
40 66
40 67
41 87
41 79
41 84
41 86
41 92
41 76
41 96
41 85
41 95
41 44
41 73
41 48
41 54
41 77
41 75
41 78
41 82
41 83
41 90
41 91
41 80
41 81
41 88
41 89
41 94
41 42
41 43
41 45
41 47
41 50
41 51
41 55
41 56
41 57
41 58
41 59
41 60
41 61
41 62
41 64
41 70
41 71
41 63
42 87
42 79
42 84
42 86
42 92
42 76
42 96
42 85
42 95
42 44
42 73
42 48
42 54
42 77
42 75
42 49
42 78
42 82
42 83
42 90
42 91
42 80
42 81
42 88
42 89
42 93
42 94
42 43
42 45
42 46
42 47
42 50
42 51
42 52
42 53
42 55
42 56
42 57
42 58
42 59
42 60
42 61
42 67
42 70
42 71
42 63
43 87
43 79
43 84
43 86
43 92
43 76
43 96
43 85
43 95
43 44
43 73
43 48
43 54
43 77
43 49
43 78
43 82
43 83
43 90
43 91
43 50
43 55
43 56
43 57
43 58
43 59
43 60
43 61
43 69
43 70
43 71
43 63
43 80
43 81
43 88
43 89
43 94
43 45
43 46
43 47
43 51
43 52
43 53
43 64
43 65
43 66
43 67
43 72
44 87
44 79
44 84
44 86
44 92
44 76
44 96
44 85
44 95
44 75
44 77
44 78
44 80
44 81
44 82
44 83
44 88
44 89
44 90
44 91
44 93
44 94
44 73
44 45
44 46
44 47
44 48
44 49
44 50
44 51
44 52
44 53
44 54
44 55
44 56
44 57
44 58
44 59
44 60
44 61
44 62
44 64
44 65
44 66
44 67
44 69
44 72
44 70
44 71
44 63
45 87
45 79
45 84
45 86
45 92
45 76
45 96
45 85
45 95
45 73
45 48
45 54
45 77
45 49
45 78
45 82
45 83
45 90
45 91
45 50
45 55
45 56
45 57
45 58
45 59
45 60
45 61
45 69
45 70
45 71
45 63
45 80
45 81
45 88
45 89
45 94
45 46
45 47
45 51
45 52
45 53
45 66
45 67
46 87
46 79
46 84
46 86
46 92
46 76
46 96
46 85
46 95
46 73
46 48
46 54
46 77
46 78
46 82
46 83
46 90
46 91
46 50
46 55
46 56
46 57
46 58
46 59
46 60
46 61
46 70
46 71
46 63
46 80
46 81
46 88
46 89
46 47
46 51
47 87
47 79
47 84
47 86
47 92
47 76
47 96
47 85
47 95
47 73
47 48
47 54
47 77
47 78
47 82
47 83
47 90
47 91
47 50
47 55
47 56
47 57
47 58
47 59
47 60
47 61
47 70
47 71
47 63
47 80
47 81
47 88
47 89
47 51
47 64
48 87
48 79
48 84
48 86
48 92
48 76
48 96
48 85
48 95
48 73
48 77
48 78
48 80
48 81
48 82
48 83
48 88
48 89
48 90
48 91
48 94
48 49
48 50
48 51
48 52
48 53
48 54
48 55
48 56
48 57
48 58
48 59
48 60
48 61
48 66
48 67
48 70
48 71
48 63
49 87
49 79
49 84
49 86
49 92
49 76
49 96
49 85
49 95
49 73
49 54
49 77
49 78
49 80
49 81
49 82
49 83
49 88
49 90
49 91
49 50
49 51
49 55
49 56
49 57
49 58
49 59
49 60
49 61
49 66
49 67
49 69
49 70
49 71
49 63
50 87
50 79
50 84
50 86
50 92
50 76
50 96
50 85
50 95
50 73
50 54
50 77
50 75
50 78
50 82
50 83
50 90
50 91
50 80
50 81
50 88
50 89
50 93
50 94
50 51
50 52
50 53
50 55
50 56
50 57
50 58
50 59
50 60
50 61
50 62
50 64
50 65
50 66
50 67
50 69
50 72
50 70
50 71
50 63
51 87
51 79
51 84
51 86
51 92
51 76
51 96
51 85
51 95
51 73
51 54
51 77
51 78
51 82
51 83
51 91
51 55
51 56
51 57
51 58
51 59
51 60
51 61
51 71
51 80
51 81
51 88
51 89
51 94
51 52
51 53
51 64
51 67
52 87
52 79
52 84
52 86
52 92
52 76
52 96
52 85
52 95
52 73
52 54
52 77
52 78
52 82
52 83
52 90
52 91
52 55
52 56
52 57
52 58
52 59
52 60
52 61
52 70
52 71
52 63
52 80
52 81
52 88
53 87
53 79
53 84
53 86
53 92
53 76
53 96
53 85
53 95
53 73
53 54
53 77
53 78
53 82
53 83
53 90
53 91
53 55
53 56
53 57
53 58
53 59
53 60
53 61
53 69
53 70
53 71
53 63
53 80
53 81
53 88
53 66
54 87
54 79
54 84
54 86
54 92
54 76
54 96
54 85
54 95
54 73
54 75
54 77
54 78
54 80
54 81
54 82
54 83
54 88
54 89
54 90
54 91
54 93
54 94
54 55
54 56
54 57
54 58
54 59
54 60
54 61
54 62
54 64
54 65
54 66
54 67
54 69
54 72
54 70
54 71
54 63
55 87
55 79
55 84
55 86
55 92
55 76
55 96
55 85
55 95
55 73
55 77
55 75
55 78
55 82
55 83
55 90
55 91
55 80
55 81
55 88
55 89
55 93
55 94
55 56
55 57
55 58
55 59
55 60
55 61
55 66
55 67
55 69
55 70
55 71
55 63
56 87
56 79
56 84
56 86
56 92
56 76
56 96
56 85
56 95
56 73
56 77
56 75
56 78
56 82
56 83
56 91
56 80
56 81
56 88
56 89
56 93
56 94
56 57
56 58
56 59
56 60
56 61
56 71
57 87
57 79
57 84
57 86
57 92
57 76
57 96
57 85
57 95
57 73
57 77
57 75
57 78
57 82
57 83
57 90
57 91
57 80
57 81
57 88
57 89
57 93
57 94
57 58
57 59
57 60
57 61
57 62
57 64
57 65
57 66
57 67
57 69
57 72
57 70
57 71
58 87
58 79
58 84
58 86
58 92
58 76
58 96
58 85
58 95
58 73
58 77
58 75
58 78
58 82
58 83
58 90
58 91
58 80
58 81
58 88
58 89
58 59
58 60
58 61
58 62
58 64
58 65
58 66
58 67
58 69
58 72
58 70
58 71
58 63
59 87
59 79
59 84
59 86
59 92
59 76
59 85
59 95
59 77
59 75
59 78
59 82
59 83
59 91
59 80
59 81
59 88
59 89
59 93
59 94
59 60
59 61
59 62
59 64
59 65
59 66
59 67
59 69
59 72
59 70
59 71
60 87
60 79
60 84
60 86
60 92
60 96
60 85
60 95
60 73
60 77
60 75
60 78
60 82
60 83
60 90
60 91
60 80
60 81
60 88
60 89
60 93
60 94
60 61
60 62
60 64
60 65
60 66
60 67
60 69
60 72
60 70
60 71
60 74
60 63
61 87
61 79
61 84
61 86
61 92
61 85
61 95
61 73
61 77
61 75
61 78
61 82
61 83
61 90
61 91
61 80
61 81
61 88
61 89
61 93
61 94
61 62
61 64
61 65
61 66
61 67
61 69
61 72
61 70
61 71
61 74
61 63
61 68
62 84
62 85
62 95
62 77
62 78
62 82
62 83
62 90
62 91
62 70
62 71
62 63
62 88
63 87
63 79
63 84
63 86
63 92
63 85
63 95
63 73
63 77
63 75
63 78
63 82
63 83
63 90
63 91
63 69
63 70
63 80
63 81
63 88
63 89
63 93
63 94
63 64
63 65
63 66
63 67
63 72
64 87
64 79
64 84
64 85
64 95
64 77
64 78
64 82
64 83
64 90
64 91
64 70
64 71
64 80
64 81
64 88
64 89
64 94
64 65
65 84
65 85
65 95
65 77
65 78
65 82
65 83
65 90
65 91
65 70
65 71
65 88
65 89
66 87
66 84
66 85
66 95
66 77
66 78
66 82
66 83
66 90
66 91
66 70
66 71
66 80
66 81
66 88
67 87
67 79
67 84
67 86
67 76
67 85
67 95
67 77
67 78
67 82
67 90
67 91
67 70
67 71
67 80
67 81
67 88
68 83
68 90
68 91
68 89
69 87
69 85
69 95
69 75
69 78
69 82
69 83
69 90
69 91
69 80
69 81
69 88
69 70
69 71
70 87
70 79
70 84
70 86
70 92
70 85
70 95
70 77
70 75
70 78
70 82
70 83
70 91
70 80
70 81
70 88
70 89
70 93
70 94
70 72
70 71
71 87
71 79
71 84
71 86
71 92
71 76
71 85
71 95
71 77
71 75
71 78
71 82
71 83
71 91
71 80
71 81
71 88
71 89
71 93
71 94
71 72
72 85
72 95
72 82
72 90
72 91
73 87
73 79
73 84
73 86
73 92
73 76
73 96
73 85
73 75
73 77
73 78
73 80
73 81
73 82
73 83
73 88
73 89
73 91
73 93
74 87
74 79
74 90
74 91
74 88
74 89
75 86
75 92
75 96
75 85
75 95
75 77
75 78
75 82
75 83
75 90
75 91
76 87
76 79
76 84
76 86
76 92
76 96
76 77
76 78
76 80
76 81
76 82
76 83
76 85
76 88
76 89
76 91
76 94
76 95
77 87
77 79
77 84
77 86
77 92
77 96
77 85
77 95
77 78
77 80
77 81
77 82
77 83
77 88
77 89
77 90
77 91
77 93
77 94
78 87
78 79
78 84
78 86
78 92
78 96
78 85
78 95
78 80
78 81
78 82
78 83
78 88
78 89
78 90
78 91
78 93
78 94
79 87
79 96
79 80
79 81
79 82
79 83
79 84
79 85
79 86
79 88
79 89
79 90
79 91
79 92
79 94
79 95
80 87
80 84
80 86
80 92
80 96
80 85
80 95
80 82
80 83
80 90
80 91
80 81
80 88
80 89
80 94
81 87
81 84
81 86
81 92
81 96
81 85
81 95
81 82
81 83
81 90
81 91
81 88
81 89
81 94
82 87
82 84
82 86
82 92
82 96
82 85
82 95
82 83
82 88
82 89
82 90
82 91
82 93
82 94
83 87
83 84
83 86
83 92
83 96
83 85
83 95
83 88
83 89
83 90
83 91
83 93
83 94
84 87
84 96
84 85
84 86
84 88
84 89
84 90
84 91
84 92
84 94
84 95
85 87
85 86
85 92
85 96
85 88
85 89
85 90
85 91
85 93
85 94
85 95
86 87
86 96
86 88
86 89
86 90
86 91
86 92
86 93
86 94
86 95
87 96
87 88
87 89
87 90
87 91
87 92
87 94
87 95
88 92
88 96
88 95
88 90
88 91
88 89
88 94
89 92
89 96
89 95
89 90
89 91
89 94
90 92
90 95
90 91
90 93
90 94
91 92
91 96
91 95
91 93
91 94
92 96
92 93
92 94
92 95
93 96
93 95
93 94
94 95
