0 17
0 58
1 17
2 17
2 82
3 47
3 16
3 41
4 59
4 46
4 18
4 17
4 6
4 44
5 53
5 45
5 49
5 46
5 17
5 6
5 7
6 55
6 93
6 53
6 17
7 17
7 24
7 26
7 35
8 17
8 28
8 46
8 87
9 23
9 17
10 47
10 41
10 13
11 17
12 45
12 50
12 86
12 29
12 31
12 33
12 60
12 62
12 63
12 64
12 65
12 66
12 67
12 68
12 69
12 70
12 71
12 72
12 78
12 79
12 80
12 84
12 85
12 88
12 89
12 90
12 91
12 94
12 95
12 96
13 44
13 47
13 41
13 40
13 14
13 37
13 39
13 16
13 56
14 44
14 41
14 43
14 40
14 37
14 39
14 56
15 17
15 34
15 36
16 47
16 41
16 42
16 83
17 30
17 52
17 48
17 55
17 93
17 53
17 77
17 23
17 28
17 58
17 49
17 59
17 57
17 51
17 46
17 61
17 18
17 20
17 21
17 38
17 25
17 87
17 92
17 76
17 73
17 74
17 75
17 24
17 26
17 82
17 34
17 35
17 36
17 54
18 28
18 20
19 45
19 50
19 86
19 29
19 31
19 33
19 60
19 62
19 63
19 64
19 65
19 66
19 67
19 68
19 69
19 70
19 71
19 72
19 78
19 79
19 80
19 81
19 84
19 85
19 88
19 89
19 90
19 91
19 94
19 95
19 96
20 28
20 59
20 46
20 87
21 76
21 74
22 47
22 41
23 77
25 53
25 28
25 92
25 75
25 73
26 35
27 47
27 41
27 43
28 52
28 55
28 53
28 61
28 59
28 46
28 38
28 87
28 73
28 74
29 45
29 50
29 86
29 31
29 33
29 60
29 62
29 63
29 64
29 65
29 66
29 67
29 68
29 69
29 70
29 71
29 72
29 78
29 79
29 80
29 81
29 84
29 85
29 88
29 89
29 90
29 91
29 94
29 95
29 96
31 45
31 50
31 33
31 60
31 62
31 64
31 66
31 67
31 69
31 71
31 72
31 79
31 80
31 81
31 85
31 90
31 91
31 94
31 96
32 41
33 45
33 50
33 86
33 64
33 66
33 67
33 69
33 70
33 71
33 81
33 85
34 36
37 44
37 41
37 43
37 40
37 39
37 56
39 44
39 41
39 43
39 40
39 56
40 44
40 41
40 43
40 56
41 44
41 47
41 83
41 42
41 43
41 56
42 47
43 44
43 56
44 56
45 50
45 86
45 60
45 62
45 63
45 64
45 65
45 66
45 67
45 68
45 69
45 70
45 71
45 72
45 78
45 79
45 80
45 81
45 84
45 85
45 88
45 89
45 90
45 91
45 94
45 95
45 96
46 52
46 82
46 59
47 83
49 53
50 86
50 60
50 62
50 63
50 64
50 65
50 66
50 67
50 68
50 69
50 70
50 71
50 72
50 78
50 79
50 80
50 81
50 84
50 85
50 88
50 89
50 90
50 91
50 94
50 95
50 96
53 55
53 61
53 92
53 73
53 75
60 62
60 63
60 64
60 65
60 66
60 67
61 92
61 73
62 64
62 66
62 67
62 69
62 70
62 71
62 72
62 78
62 79
62 81
62 84
62 85
62 88
62 89
62 91
62 94
63 64
63 66
63 67
63 69
63 81
63 95
64 86
64 65
64 66
64 67
64 68
64 69
64 70
64 71
64 72
64 78
64 79
64 80
64 81
64 84
64 85
64 88
64 89
64 90
64 91
64 94
64 95
64 96
65 66
65 79
65 90
65 91
65 95
65 96
66 86
66 67
66 68
66 69
66 70
66 71
66 72
66 78
66 79
66 80
66 84
66 85
66 88
66 89
66 90
66 91
66 94
66 96
67 86
67 69
67 71
67 72
67 85
67 90
67 91
68 69
68 72
68 94
69 86
69 70
69 71
69 72
69 78
69 79
69 80
69 81
69 84
69 85
69 88
69 89
69 90
69 91
69 94
70 86
70 72
70 78
70 79
70 80
70 81
70 84
70 85
70 88
70 89
70 90
70 91
70 94
71 86
71 72
71 79
71 81
71 85
71 89
71 90
71 94
72 78
72 79
72 80
72 81
72 85
72 88
72 89
72 94
78 86
78 79
78 80
78 81
78 85
78 88
78 89
78 91
78 94
79 86
79 80
79 81
79 84
79 85
79 88
79 89
79 90
79 91
79 94
80 86
80 84
80 88
80 89
80 90
80 91
80 94
81 86
81 88
81 89
81 90
81 91
81 94
84 85
84 88
84 89
84 90
84 91
85 88
85 89
85 91
85 94
88 89
88 91
88 94
89 91
89 94
90 91
90 95
90 96
91 94
91 95
91 96
95 96
