0 91
0 66
0 60
1 36
1 66
1 44
1 97
2 66
2 20
2 85
2 27
2 34
2 16
2 17
3 5
3 75
3 7
3 66
3 35
3 69
4 66
4 86
5 40
5 75
5 91
5 7
5 78
5 29
5 49
5 92
5 88
5 36
5 82
5 66
5 44
5 60
5 9
5 96
5 56
5 32
5 97
6 93
6 7
6 36
6 66
6 78
6 65
6 44
6 34
7 75
7 91
7 9
7 10
7 24
7 78
7 85
7 22
7 29
7 38
7 94
7 88
7 35
7 15
7 82
7 65
7 66
7 39
7 33
7 8
7 79
7 97
7 48
8 91
8 93
8 66
8 78
8 60
8 77
8 35
8 65
8 30
8 39
8 79
8 14
9 91
9 78
9 29
9 94
9 88
9 35
9 82
9 66
10 66
11 75
11 66
11 85
11 14
12 66
12 85
12 14
12 13
13 66
13 85
13 39
13 14
14 66
14 60
14 69
14 85
15 66
15 60
15 34
15 35
15 33
15 89
15 94
15 70
15 71
16 66
16 17
16 62
17 66
17 62
18 49
18 66
18 47
19 59
19 40
19 53
19 49
19 92
19 54
19 66
19 60
19 95
19 96
20 66
20 85
20 60
20 39
21 87
22 66
23 66
23 34
24 66
24 78
24 87
24 65
24 44
24 32
25 87
25 72
25 63
26 29
26 66
27 93
27 36
27 66
27 44
27 50
27 67
27 35
27 48
27 56
27 55
28 66
28 96
28 95
28 64
29 91
29 66
29 78
29 60
29 65
29 61
29 38
29 88
29 56
29 32
30 66
30 60
30 62
31 66
32 66
32 78
32 56
33 66
33 34
33 35
33 65
34 75
34 91
34 66
34 60
34 85
34 88
34 35
34 39
34 97
34 89
34 77
35 75
35 93
35 66
35 60
35 74
35 94
35 88
35 65
35 56
35 39
35 79
35 97
35 51
36 75
36 93
36 58
36 67
36 66
36 86
36 44
36 97
37 87
38 66
39 91
39 66
39 60
39 65
39 41
39 85
39 88
39 72
39 62
39 43
39 51
40 53
40 49
40 92
40 54
40 66
40 96
41 66
41 60
41 85
41 72
41 62
42 66
42 74
43 66
43 70
43 71
44 66
44 78
44 56
45 87
45 85
46 87
47 54
47 66
48 66
48 65
49 59
49 53
49 92
49 54
49 66
49 96
50 66
51 66
51 60
51 94
52 66
52 81
53 54
53 66
53 95
53 96
53 64
54 92
54 66
54 95
54 96
54 64
55 66
56 66
56 78
56 60
57 66
58 66
58 72
59 92
59 66
59 60
59 95
59 96
59 64
60 75
60 91
60 66
60 78
60 85
60 94
60 88
60 97
60 62
60 70
60 71
61 66
62 66
63 93
63 66
63 87
63 72
64 92
64 66
64 96
64 95
65 66
65 78
65 88
65 82
65 69
65 70
65 71
66 75
66 91
66 93
66 92
66 74
66 78
66 85
66 94
66 90
66 67
66 88
66 81
66 82
66 86
66 72
66 95
66 96
66 73
66 79
66 97
66 69
66 89
66 77
66 70
66 71
66 83
66 84
67 93
68 87
69 75
69 77
70 71
72 87
72 73
72 85
74 78
76 93
76 87
78 88
80 87
85 88
86 90
87 93
88 91
88 89
92 95
92 96
95 96
