0 26
0 32
0 64
0 15
1 15
2 79
2 55
2 4
2 84
2 91
2 5
3 84
4 9
4 16
4 87
4 55
4 15
5 84
5 14
6 15
7 61
7 17
7 89
7 83
7 15
7 49
7 48
7 12
7 54
7 13
7 31
7 65
8 39
8 40
8 42
8 43
8 46
9 26
9 82
9 61
9 69
9 88
9 84
9 19
9 17
9 28
9 20
9 15
9 30
9 36
10 39
10 40
10 42
10 43
10 45
10 46
11 90
11 61
11 83
11 20
11 15
12 83
12 15
12 48
12 53
12 65
12 68
13 61
13 17
13 83
13 15
13 36
13 48
13 49
13 75
13 65
13 66
13 67
13 68
13 58
14 84
14 74
15 16
15 32
15 60
15 52
15 87
15 23
15 28
15 62
15 82
15 29
15 90
15 61
15 17
15 22
15 64
15 18
15 21
15 30
15 59
15 89
15 51
15 83
15 88
15 19
15 20
15 49
15 50
15 48
15 53
15 56
15 75
15 37
15 76
15 34
15 54
15 72
15 86
15 78
15 31
15 63
15 70
15 36
15 41
15 44
15 65
15 66
15 67
15 68
15 85
15 35
15 25
15 57
15 58
15 24
17 83
17 36
17 66
17 22
18 48
18 56
19 87
19 28
19 83
19 63
20 28
20 90
20 61
20 21
20 83
20 88
20 85
21 61
22 66
25 75
26 77
26 32
26 60
26 61
26 71
26 55
26 84
26 91
26 28
27 84
28 87
28 61
28 86
30 82
31 48
32 61
32 64
33 84
34 83
34 41
35 54
36 83
37 75
38 84
39 69
39 46
39 40
39 42
39 43
39 45
40 69
40 46
40 42
40 43
40 45
41 83
42 69
42 46
42 43
42 45
43 69
43 46
43 45
44 83
45 69
45 46
47 79
47 84
48 83
48 49
49 83
49 65
50 65
51 83
52 61
52 87
54 67
55 79
55 84
55 91
56 82
59 83
59 63
60 88
60 91
61 87
61 82
61 90
61 83
61 88
63 89
63 75
65 68
71 84
72 83
73 84
74 84
75 82
75 86
77 84
79 84
79 91
80 84
81 84
83 88
83 86
84 91
86 87
