0 67
0 98
0 99
0 1
0 2
0 3
0 4
0 5
0 6
0 7
0 8
1 67
1 98
1 2
1 3
1 4
1 5
1 6
1 7
1 8
2 67
2 98
2 3
2 4
2 5
2 6
3 67
3 98
3 4
3 6
4 67
4 98
4 6
5 67
5 98
6 67
7 67
8 67
9 67
10 26
10 11
10 87
10 82
10 19
10 32
10 42
10 62
10 65
10 13
10 16
10 17
10 18
10 20
10 21
10 28
10 24
10 25
10 27
10 31
10 30
10 36
10 37
10 33
10 34
10 40
10 41
10 45
10 57
10 52
11 14
11 16
11 17
11 20
11 37
12 80
12 82
12 63
12 61
12 26
12 67
12 48
12 19
13 26
13 82
13 19
13 72
13 62
13 65
13 16
13 21
13 24
13 25
13 41
14 68
14 63
14 67
15 79
15 78
15 85
15 86
15 66
15 67
16 26
16 35
16 87
16 55
16 82
16 63
16 19
16 81
16 32
16 72
16 64
16 42
16 62
16 65
16 23
16 77
16 39
16 43
16 69
16 71
16 47
16 17
16 18
16 20
16 21
16 28
16 24
16 25
16 27
16 29
16 31
16 30
16 36
16 37
16 33
16 34
16 44
16 45
16 46
16 57
16 52
16 60
16 54
17 26
17 87
17 82
17 19
17 32
17 72
17 42
17 62
17 65
17 45
17 28
17 52
17 18
17 20
17 21
17 24
17 25
17 27
17 31
17 30
17 36
17 37
17 33
17 40
17 41
17 38
17 46
17 57
18 26
18 87
18 82
18 19
18 72
18 42
18 62
18 65
18 77
18 39
18 43
18 45
18 28
18 20
18 21
18 24
18 25
18 27
18 30
18 36
18 33
18 40
18 41
18 46
18 57
19 26
19 87
19 82
19 72
19 62
19 65
19 42
19 20
19 21
19 28
19 24
19 25
19 27
19 32
19 31
19 30
19 36
19 37
19 33
19 34
19 40
19 45
19 57
19 52
20 26
20 82
20 32
20 72
20 42
20 62
20 65
20 45
20 28
20 24
20 25
20 31
20 30
20 36
20 37
20 21
20 41
20 44
20 57
21 26
21 82
21 62
21 65
21 28
21 52
21 24
21 25
21 31
21 37
22 97
22 56
22 59
22 73
22 83
23 54
24 26
24 87
24 55
24 82
24 32
24 72
24 42
24 62
24 39
24 45
24 28
24 25
24 27
24 31
24 30
24 36
24 37
24 33
24 40
24 41
24 38
24 44
24 57
24 94
25 26
25 87
25 55
25 82
25 32
25 62
25 65
25 39
25 45
25 28
25 52
25 27
25 31
25 30
25 36
25 37
25 33
25 34
25 40
25 41
25 44
25 46
25 57
26 69
26 87
26 82
26 72
26 62
26 63
26 65
26 55
26 81
26 77
26 28
26 27
26 32
26 29
26 31
26 30
26 36
26 37
26 33
26 34
26 40
26 41
26 38
26 39
26 43
26 44
26 45
26 46
27 87
27 55
27 82
27 32
27 42
27 62
27 65
27 39
27 45
27 31
27 36
27 37
27 33
27 38
27 46
28 87
28 55
28 82
28 62
28 65
28 45
28 31
28 30
28 37
28 33
28 34
28 57
28 52
29 82
29 77
29 43
29 44
30 87
30 82
30 32
30 65
30 45
30 31
30 36
30 37
30 33
30 34
30 40
30 57
31 87
31 82
31 32
31 45
31 36
31 37
31 33
31 34
31 40
31 41
31 57
32 82
32 65
32 36
32 37
32 40
32 45
33 87
33 55
33 82
33 81
33 72
33 42
33 65
33 39
33 45
33 36
33 37
33 38
33 46
34 37
34 40
36 87
36 55
36 82
36 39
36 45
36 37
36 40
36 46
36 57
37 87
37 82
37 45
37 40
37 41
37 57
38 87
38 82
38 65
38 45
38 46
39 87
39 55
39 82
39 42
39 45
39 46
40 45
40 41
42 87
42 82
42 45
42 57
43 82
43 65
43 77
43 44
44 82
44 77
44 46
45 87
45 55
45 82
45 72
45 62
45 65
45 46
45 57
46 87
46 82
46 72
46 65
47 60
48 90
48 79
48 66
48 67
48 85
48 86
49 68
49 89
49 91
49 92
49 93
50 68
50 89
50 91
50 92
50 93
51 68
51 89
51 91
51 92
51 93
53 67
53 76
53 86
53 74
55 87
55 82
55 94
56 59
58 67
59 61
59 73
59 97
59 83
62 82
62 63
62 65
65 87
65 82
65 72
66 79
66 78
66 85
66 88
66 86
66 67
67 96
67 90
67 79
67 80
67 76
67 75
67 70
67 78
67 84
67 85
67 88
67 86
67 74
67 98
67 99
72 87
72 82
73 95
73 83
74 86
74 76
76 86
77 82
78 86
79 86
81 82
82 87
83 97
85 86
89 91
89 92
89 93
91 92
91 93
92 93
98 99
