0 23
0 49
0 24
0 59
0 8
0 28
0 30
0 39
0 29
0 36
1 77
1 3
1 52
2 9
2 11
2 68
2 28
2 34
2 3
2 37
2 10
3 13
3 6
3 15
3 72
3 40
3 17
3 9
3 77
3 74
3 33
3 5
3 52
3 70
3 69
3 73
3 57
3 18
3 19
3 20
3 21
4 22
4 24
4 43
4 32
4 61
4 63
4 65
5 33
5 70
5 69
5 21
5 18
5 19
5 20
7 24
8 24
8 67
8 59
10 35
10 23
10 49
10 28
10 24
10 67
10 39
10 29
10 36
11 54
11 23
11 42
11 24
11 67
11 59
11 62
11 28
12 24
12 61
12 63
14 24
16 23
16 49
16 24
16 37
17 40
18 21
18 19
18 20
19 21
19 20
22 24
23 35
23 24
23 67
23 49
23 59
23 58
23 28
23 30
23 39
23 37
23 29
23 36
24 41
24 35
24 49
24 28
24 30
24 29
24 54
24 42
24 31
24 32
24 53
24 27
24 38
24 44
24 45
24 76
24 67
24 75
24 68
24 79
24 59
24 43
24 66
24 58
24 62
24 64
24 34
24 39
24 47
24 37
24 46
24 50
24 25
24 55
24 56
24 48
24 36
24 51
24 26
24 78
24 60
24 61
24 63
24 65
24 71
25 38
25 76
26 43
28 35
28 49
28 59
28 30
28 37
28 71
29 35
29 49
29 67
29 39
29 46
29 36
30 35
30 49
30 67
30 59
30 34
31 32
31 53
31 38
31 50
32 43
32 61
32 63
32 65
35 39
35 37
36 49
36 67
36 39
36 37
37 59
37 39
39 49
39 59
39 58
41 43
42 67
42 59
42 62
43 59
43 61
44 50
44 45
45 76
47 53
49 67
49 59
49 58
50 59
54 59
58 67
58 59
58 66
58 62
58 64
59 67
59 68
59 66
59 62
59 64
60 67
61 63
61 65
62 67
62 66
62 64
64 67
64 66
66 67
67 68
69 70
