0 10
0 59
0 78
0 82
0 8
0 65
0 43
0 45
0 71
0 11
0 26
1 56
1 54
1 46
1 78
1 79
1 27
1 2
1 42
2 56
2 54
2 46
2 78
2 79
2 27
2 42
2 22
3 78
3 6
4 31
4 86
4 59
4 78
4 79
4 67
4 8
4 43
4 33
4 45
4 71
4 5
4 6
4 9
4 16
4 57
4 28
4 29
4 60
4 69
4 68
5 31
5 86
5 78
5 75
5 8
5 64
5 43
5 11
5 45
5 71
5 6
5 9
5 28
5 29
5 60
5 69
5 68
5 87
5 62
6 31
6 86
6 78
6 79
6 67
6 8
6 43
6 11
6 37
6 77
6 45
6 38
6 9
6 26
6 33
6 16
6 57
6 87
7 10
7 23
7 48
7 74
7 85
7 91
7 55
7 81
7 14
7 36
7 84
7 32
7 41
7 21
7 47
7 53
7 58
7 18
7 25
7 12
7 13
7 15
7 80
7 76
7 72
7 44
7 83
7 52
7 88
7 89
7 51
8 10
8 31
8 86
8 59
8 78
8 79
8 67
8 43
8 33
8 45
8 38
8 9
8 16
8 57
9 78
9 67
9 75
9 43
9 45
9 16
9 57
9 28
9 29
9 68
10 78
10 49
10 81
10 46
10 56
10 54
10 79
10 82
10 67
10 75
10 65
10 64
10 17
10 24
11 31
11 78
11 75
11 65
11 33
11 38
11 77
11 71
12 18
13 48
13 21
14 48
14 81
14 21
15 48
16 59
16 78
16 67
16 43
16 45
16 33
16 57
17 78
17 82
17 24
17 61
18 55
18 21
18 80
18 83
19 78
19 43
19 45
20 78
20 64
20 37
21 74
21 55
21 80
21 44
21 83
21 52
21 88
21 89
22 56
22 54
22 46
22 78
22 79
22 27
22 42
22 63
23 53
23 55
24 78
24 82
24 71
24 61
26 86
26 59
26 78
26 67
26 37
26 45
26 38
26 71
26 33
26 57
27 56
27 54
27 46
27 78
27 79
27 42
28 86
28 78
28 65
28 43
29 86
29 78
29 60
30 78
31 43
31 78
31 45
31 38
31 86
31 79
31 67
31 75
31 60
31 65
31 69
31 68
31 70
32 84
32 58
33 59
33 78
33 67
33 75
33 43
33 45
33 60
33 70
33 87
34 78
35 78
35 50
37 78
37 45
38 86
38 59
38 78
38 79
38 67
38 75
38 45
38 71
38 57
39 78
39 63
39 73
40 78
41 84
42 56
42 54
42 46
42 78
42 79
43 86
43 59
43 78
43 67
43 65
43 45
43 71
43 57
43 87
44 80
45 86
45 78
45 67
45 71
45 57
45 60
45 70
46 56
46 54
46 78
46 79
46 63
47 53
47 80
47 58
48 85
48 76
49 78
50 78
54 56
54 78
54 59
54 79
54 82
54 65
54 63
56 78
56 79
56 63
57 86
57 59
57 78
57 66
58 84
58 80
59 78
59 79
59 67
60 78
60 65
60 71
60 70
60 62
61 78
61 82
62 78
63 78
63 82
63 73
64 78
64 79
64 77
64 71
65 78
65 71
65 70
66 78
67 86
67 78
67 87
68 78
69 78
70 78
70 75
70 71
71 78
71 75
73 78
75 78
76 85
77 78
78 90
78 86
78 79
78 82
78 87
80 84
80 83
83 84
83 89
