0 9
0 57
0 60
0 26
0 3
0 7
0 44
1 60
2 60
3 57
3 7
3 60
3 33
3 35
3 44
4 80
4 14
4 41
4 60
4 55
5 60
5 54
6 60
7 57
7 60
7 33
7 38
7 79
7 35
7 44
7 45
7 17
7 59
7 49
8 60
8 33
9 67
9 60
9 33
9 38
10 21
10 60
10 12
10 53
10 28
10 33
11 20
11 66
11 68
11 60
12 62
12 58
12 66
12 60
12 33
12 34
13 20
13 60
14 58
14 37
14 71
14 76
14 77
14 23
14 25
14 29
14 27
14 30
15 20
15 60
16 36
16 26
16 60
16 64
16 51
17 57
17 60
17 33
17 38
17 31
17 35
17 44
17 79
17 59
18 60
19 60
20 60
20 33
20 34
21 60
21 53
21 33
22 24
22 26
22 60
22 64
23 37
23 77
23 76
23 25
23 29
23 27
24 36
24 60
24 40
24 33
24 26
24 31
24 48
24 73
25 37
25 77
25 71
25 76
25 29
25 27
25 30
26 57
26 81
26 60
26 33
26 31
26 75
26 44
26 59
26 51
27 37
27 77
27 71
27 76
27 29
27 30
28 72
28 53
28 34
28 60
28 33
28 74
29 37
29 77
29 76
30 37
30 77
30 71
30 76
31 36
31 81
31 40
31 60
31 33
31 38
31 45
31 79
31 35
32 60
33 57
33 62
33 58
33 81
33 52
33 65
33 40
33 78
33 72
33 53
33 67
33 34
33 70
33 60
33 75
33 35
33 43
33 44
33 45
33 42
33 69
33 74
33 56
33 59
33 49
33 50
33 51
34 72
34 67
34 55
34 70
34 60
34 35
34 45
35 57
35 39
35 72
35 60
35 38
35 79
35 43
35 59
36 60
36 57
36 51
37 71
37 76
37 77
38 57
38 40
38 72
38 60
38 44
38 56
38 59
38 49
39 60
39 56
39 59
40 81
40 60
40 45
40 49
40 51
41 80
41 60
42 60
43 60
43 45
43 44
44 57
44 60
44 45
44 75
44 59
44 51
45 60
45 61
45 56
45 59
46 60
47 60
48 60
49 57
49 81
49 60
50 60
51 60
52 67
52 60
52 72
53 60
53 74
54 60
55 60
56 60
57 60
57 81
57 59
58 62
58 80
58 68
58 60
59 60
59 75
59 79
59 61
60 82
60 62
60 81
60 80
60 65
60 66
60 68
60 78
60 72
60 67
60 70
60 79
60 75
60 69
60 63
60 74
60 73
60 61
60 64
62 65
62 68
62 66
65 68
67 72
67 70
70 72
71 77
71 76
76 77
