0 34
0 65
0 3
0 4
0 1
0 77
1 34
1 65
1 16
1 92
1 24
1 32
1 39
1 5
1 35
1 49
1 36
1 3
1 4
1 68
1 69
1 70
1 71
1 72
1 73
1 74
1 75
1 77
1 58
1 59
1 83
2 9
2 28
2 53
2 42
2 50
2 11
3 34
3 65
3 92
4 34
4 77
5 16
6 53
6 18
6 50
7 53
7 90
7 42
7 50
7 11
8 15
8 88
8 84
8 57
8 44
8 53
8 29
8 31
9 53
9 11
10 15
10 56
10 53
11 53
11 50
12 57
12 53
12 91
12 80
12 46
12 42
12 93
13 53
14 21
14 28
14 53
14 48
14 93
15 56
15 53
15 44
15 18
15 28
15 80
15 84
15 17
15 46
15 88
15 29
15 57
15 78
15 31
16 51
17 88
17 53
17 29
17 57
18 20
18 21
18 28
18 53
18 90
18 94
18 54
18 19
18 33
18 97
19 21
19 53
19 90
19 94
20 53
20 41
20 30
21 94
21 53
21 41
21 26
21 28
21 30
21 85
21 67
22 28
22 57
22 41
22 53
22 48
22 45
22 66
22 94
22 82
22 42
22 63
22 50
22 54
22 81
22 79
22 93
23 53
24 65
24 32
25 53
26 28
26 53
26 30
26 80
26 60
27 53
28 53
28 30
28 82
28 60
28 66
28 57
28 50
28 61
28 40
29 57
29 53
29 31
30 53
30 95
31 84
31 57
31 53
32 65
32 35
33 53
34 92
34 49
34 39
34 68
34 69
34 70
34 71
34 72
34 73
34 74
34 75
34 77
35 65
35 36
35 68
36 68
37 53
37 79
37 82
37 38
37 42
37 95
37 87
38 53
39 92
40 53
41 53
41 45
42 44
42 53
42 91
42 90
42 80
42 82
42 81
42 50
42 93
43 53
44 57
44 53
44 79
44 45
44 80
44 46
44 50
44 61
45 53
45 54
45 79
46 57
46 53
46 91
46 61
46 80
46 93
47 53
48 57
48 53
48 50
48 61
49 92
49 68
49 69
49 70
49 58
50 57
50 53
50 90
50 93
51 53
52 53
52 63
53 76
53 88
53 56
53 84
53 55
53 57
53 54
53 94
53 62
53 63
53 64
53 79
53 80
53 81
53 82
53 85
53 60
53 91
53 86
53 66
53 95
53 89
53 78
53 87
53 61
53 90
53 97
53 67
53 93
53 96
56 84
57 84
57 80
57 91
57 95
57 78
57 93
58 65
59 65
61 80
64 97
65 92
65 68
68 69
68 70
68 71
68 73
68 83
69 92
69 70
69 71
69 72
69 73
69 74
69 75
70 71
70 72
70 73
70 74
70 75
71 72
71 73
71 74
71 75
72 73
72 74
72 75
73 74
73 75
74 75
80 91
80 82
80 93
82 97
82 93
84 88
90 94
91 93
