0 88
0 25
0 19
0 46
0 86
0 63
0 39
1 86
2 9
2 15
2 14
2 93
2 5
2 64
2 86
3 93
3 64
3 94
3 86
4 86
4 96
4 10
5 14
5 64
5 88
5 86
6 75
6 53
6 43
6 65
6 50
6 28
6 72
6 40
6 42
6 20
6 62
6 47
6 71
6 68
6 7
6 24
6 31
6 33
6 48
6 74
6 44
6 77
6 78
6 13
6 16
6 22
6 23
6 26
6 27
6 30
7 75
7 53
7 43
7 65
7 28
7 72
7 40
7 42
7 20
7 62
7 47
7 71
7 77
7 23
7 31
7 68
7 24
7 33
7 48
7 74
7 44
7 78
7 13
7 16
7 22
7 26
7 27
8 86
9 36
9 47
9 19
9 37
9 94
9 46
9 86
10 15
10 88
10 46
10 19
10 69
10 86
10 89
10 63
10 45
11 86
12 82
12 50
12 28
12 21
12 97
12 51
12 52
12 56
12 54
12 55
12 57
12 58
12 59
12 60
12 61
13 70
13 75
13 53
13 17
13 43
13 28
13 72
13 40
13 42
13 20
13 62
13 47
13 71
13 77
13 23
13 31
13 68
13 24
13 48
13 26
13 27
13 78
13 16
13 22
14 15
14 64
14 88
14 86
15 64
15 88
15 86
15 95
16 75
16 53
16 43
16 65
16 28
16 40
16 42
16 20
16 47
16 71
16 77
16 23
16 31
16 68
16 24
16 48
16 26
16 27
16 74
16 44
16 78
16 22
17 53
17 68
17 71
17 31
17 50
17 27
17 28
18 28
18 21
18 51
19 66
19 88
19 46
19 86
19 63
19 32
20 75
20 53
20 43
20 28
20 40
20 42
20 68
20 71
20 24
20 31
20 47
20 48
20 62
20 77
20 78
20 22
20 23
20 26
20 27
21 82
21 50
21 28
21 97
21 51
21 52
21 56
21 54
21 55
21 57
21 58
21 60
21 61
22 75
22 53
22 65
22 28
22 40
22 42
22 62
22 71
22 77
22 23
22 31
22 68
22 48
22 26
22 27
22 74
22 44
22 78
23 70
23 75
23 53
23 65
23 50
23 28
23 72
23 40
23 42
23 62
23 47
23 71
23 77
23 68
23 31
23 33
23 48
23 74
23 44
23 78
23 26
23 27
23 30
24 75
24 53
24 43
24 28
24 72
24 40
24 62
24 47
24 71
24 77
24 31
24 68
24 33
24 48
24 44
24 78
24 26
24 27
25 46
25 86
25 63
26 70
26 75
26 53
26 65
26 28
26 42
26 62
26 71
26 77
26 31
26 68
26 48
26 44
26 78
26 27
26 30
27 75
27 53
27 43
27 65
27 28
27 72
27 40
27 42
27 62
27 47
27 71
27 77
27 31
27 68
27 48
27 74
27 44
27 78
27 30
28 82
28 70
28 75
28 53
28 43
28 65
28 50
28 68
28 71
28 31
28 33
28 47
28 48
28 72
28 74
28 62
28 40
28 42
28 44
28 77
28 78
28 30
28 97
28 94
28 51
28 52
28 56
28 54
28 55
28 57
28 58
28 59
28 60
28 61
29 86
29 87
30 53
30 50
30 42
30 31
30 68
30 44
30 78
31 70
31 75
31 53
31 43
31 65
31 50
31 72
31 40
31 42
31 62
31 47
31 71
31 77
31 68
31 33
31 48
31 44
31 78
32 46
32 86
32 89
32 41
32 45
32 34
32 35
33 65
33 72
33 42
33 47
33 68
33 48
33 78
34 46
34 86
34 41
34 45
35 46
35 86
35 45
36 64
36 37
36 86
37 91
37 88
37 86
37 87
38 86
39 88
39 86
40 75
40 53
40 43
40 68
40 71
40 47
40 48
40 42
40 77
40 78
41 88
41 86
42 75
42 53
42 65
42 50
42 72
42 68
42 71
42 48
42 74
42 62
42 44
42 77
42 78
43 53
43 68
43 71
43 48
43 65
43 74
43 50
43 51
43 56
44 75
44 53
44 65
44 62
44 71
44 77
44 68
44 48
44 78
45 86
46 88
46 69
46 86
46 63
47 53
47 65
47 72
47 68
47 71
47 48
47 77
47 78
48 75
48 53
48 65
48 72
48 62
48 71
48 77
48 68
48 74
48 78
49 86
50 82
50 75
50 53
50 65
50 68
50 71
50 51
50 52
50 56
50 58
50 60
51 82
51 65
51 52
51 56
51 54
51 55
51 58
51 59
51 60
51 61
52 82
52 94
52 56
52 54
52 55
52 57
52 58
52 59
52 60
53 75
53 68
53 71
53 65
53 74
53 62
53 77
53 78
54 82
54 65
54 97
54 56
54 94
54 55
54 57
54 58
54 59
54 60
54 61
55 82
55 65
55 56
55 57
55 58
55 59
55 60
56 82
56 65
56 97
56 94
56 57
56 58
56 59
56 60
56 61
57 82
57 65
57 58
57 60
58 82
58 59
58 60
59 82
59 97
59 60
60 82
61 82
61 97
62 75
62 68
62 71
62 77
62 78
63 88
63 86
64 86
65 82
65 75
65 68
65 71
65 72
65 74
65 77
65 78
66 86
67 86
68 70
68 75
68 72
68 71
68 77
68 74
68 78
69 88
69 86
70 71
70 75
71 75
71 72
71 77
71 78
72 75
72 77
72 78
73 86
74 77
74 78
75 77
75 78
76 86
77 78
79 86
80 86
81 86
82 97
83 86
84 86
85 86
85 87
86 91
86 93
86 88
86 96
86 89
86 87
86 95
86 92
86 90
87 91
87 88
88 91
