0 68
0 63
0 61
0 87
0 43
0 79
0 46
1 43
2 21
2 43
2 79
2 41
2 3
2 90
2 64
2 59
2 88
2 18
2 81
2 51
2 54
2 70
3 21
3 43
3 79
3 41
3 18
3 59
3 90
3 64
3 88
3 89
3 57
3 70
4 95
4 43
4 8
4 56
4 14
4 11
4 12
4 13
4 19
4 24
4 7
5 44
5 43
6 43
7 43
7 28
7 8
7 32
7 24
7 16
7 11
7 69
8 55
8 95
8 63
8 15
8 43
8 78
8 28
8 77
8 84
8 56
8 14
8 58
8 75
8 16
8 60
8 97
8 11
8 12
8 19
8 23
8 32
8 67
8 69
8 65
9 43
10 96
11 95
11 43
11 28
11 60
11 32
11 14
11 58
11 77
11 75
11 23
11 16
11 84
11 56
11 67
11 69
12 55
12 43
12 16
12 24
13 83
13 43
13 39
14 43
14 28
14 60
14 32
14 56
14 58
14 23
15 43
15 60
15 97
15 23
15 32
15 78
15 93
16 95
16 22
16 43
16 28
16 32
16 40
16 77
16 56
17 43
17 18
17 20
18 43
18 90
18 64
18 59
18 51
18 70
19 43
19 32
19 77
19 84
20 43
20 79
21 43
21 90
21 41
21 64
21 79
22 43
22 28
22 24
23 55
23 26
23 43
23 28
23 60
23 32
23 40
23 92
23 58
23 77
23 97
23 93
23 75
23 84
23 69
23 65
23 25
24 55
24 43
24 40
25 43
25 77
25 84
25 53
25 34
26 43
27 63
27 43
27 46
28 55
28 43
28 78
28 56
28 92
28 58
28 60
28 97
28 32
28 69
29 43
30 43
31 43
32 55
32 95
32 43
32 78
32 60
32 92
32 58
32 75
32 93
33 43
34 43
34 77
34 35
35 43
36 43
37 43
38 68
38 43
39 83
39 43
39 77
40 55
40 43
40 60
41 43
41 79
41 90
41 64
42 68
42 63
42 43
43 76
43 85
43 68
43 96
43 55
43 95
43 44
43 83
43 72
43 63
43 61
43 87
43 50
43 45
43 62
43 77
43 84
43 91
43 52
43 94
43 82
43 59
43 56
43 92
43 49
43 81
43 58
43 75
43 60
43 97
43 53
43 86
43 90
43 64
43 51
43 71
43 67
43 69
43 78
43 73
43 93
43 80
43 88
43 89
43 79
43 65
43 66
43 54
43 74
43 57
43 48
43 46
43 47
43 70
44 83
45 96
45 50
46 68
46 63
47 68
47 63
49 96
51 80
51 54
54 79
54 80
55 77
55 75
55 60
55 97
55 78
56 95
56 78
56 58
58 95
58 92
58 77
58 84
59 90
60 78
60 75
60 97
60 93
61 87
61 79
62 94
64 79
64 90
64 80
64 88
64 70
65 77
65 66
68 87
68 79
69 92
70 79
70 90
70 71
70 80
71 79
71 80
71 89
75 95
75 83
75 78
75 93
76 81
77 79
77 92
77 84
79 87
79 81
79 86
79 90
79 80
79 89
80 81
80 89
81 89
84 92
88 90
