0 28
0 1
0 24
1 82
1 28
1 70
2 28
2 8
3 31
3 28
3 78
3 33
3 17
3 14
3 49
3 4
4 31
4 82
4 28
4 58
4 24
4 78
5 84
5 28
5 12
6 28
6 67
6 43
6 81
6 7
6 9
6 35
6 32
7 28
7 81
8 28
8 39
8 17
8 90
8 92
8 29
8 41
8 73
8 60
8 49
8 88
8 45
8 42
9 28
9 67
9 43
9 32
10 28
10 70
10 29
10 59
11 28
11 23
12 28
12 70
13 28
13 65
13 32
14 28
14 78
14 92
14 73
14 29
15 28
15 62
16 28
16 32
16 66
17 28
17 58
17 39
17 78
17 75
17 68
17 25
17 73
17 87
17 29
17 41
17 59
17 49
17 88
17 45
17 42
18 28
19 28
19 80
19 43
19 32
20 28
21 28
22 28
22 75
22 73
22 29
22 40
22 60
22 49
23 28
23 67
24 28
25 31
25 28
25 78
25 92
25 29
25 45
25 77
25 42
26 28
27 28
27 43
27 30
27 44
27 57
28 46
28 31
28 74
28 82
28 63
28 84
28 70
28 61
28 91
28 72
28 80
28 43
28 69
28 38
28 78
28 33
28 58
28 90
28 64
28 92
28 76
28 67
28 75
28 68
28 50
28 73
28 77
28 87
28 29
28 39
28 40
28 41
28 55
28 60
28 59
28 62
28 49
28 44
28 57
28 81
28 35
28 56
28 30
28 88
28 65
28 83
28 45
28 89
28 36
28 37
28 42
28 79
28 85
28 32
28 86
28 71
28 66
28 34
28 47
28 48
28 51
28 52
28 53
28 54
29 78
29 92
29 75
29 73
29 55
29 88
31 46
31 82
31 78
31 90
31 76
31 68
31 49
31 83
31 89
31 42
32 80
32 43
33 46
33 77
33 34
35 67
35 81
36 68
36 86
36 37
37 86
39 49
39 88
42 92
42 88
42 45
42 49
42 83
42 59
42 79
43 66
45 92
45 88
45 79
46 78
49 88
49 75
50 90
50 64
58 92
60 75
60 64
64 73
68 82
70 74
73 78
73 75
75 90
75 92
75 88
77 78
83 88
86 89
87 90
90 92
