0 19
0 61
0 22
0 46
0 68
0 71
0 9
0 1
0 49
0 30
0 4
0 51
0 72
0 7
0 57
0 16
0 47
0 37
0 41
0 66
0 32
0 21
0 65
0 39
1 61
1 12
1 62
1 22
1 46
1 50
1 10
1 68
1 71
1 9
1 88
1 52
1 49
1 58
1 72
1 7
1 8
1 37
1 66
1 32
1 69
2 49
3 49
3 89
3 66
3 48
4 61
4 62
4 49
4 51
4 47
5 71
5 49
6 61
6 49
6 51
6 7
6 71
6 41
6 69
7 12
7 46
7 50
7 9
7 49
7 51
7 30
7 72
7 69
8 49
8 58
8 13
9 12
9 46
9 50
9 10
9 71
9 30
9 49
9 51
9 72
9 57
9 73
9 11
9 47
9 37
9 69
9 65
9 39
10 61
10 12
10 62
10 88
10 49
10 71
10 32
10 74
10 69
11 75
11 49
12 46
12 50
12 49
12 58
13 61
13 46
13 71
13 49
13 52
13 58
13 88
14 31
14 46
14 49
15 80
15 49
16 61
16 68
16 49
16 36
16 57
16 73
16 41
17 49
17 36
17 57
17 34
18 49
19 88
19 30
19 50
19 49
19 65
20 49
21 49
22 76
22 46
22 50
22 52
22 49
22 57
23 49
23 43
24 49
24 36
24 47
24 29
25 61
25 49
25 51
26 49
27 40
27 49
28 49
29 49
29 70
30 68
30 49
31 52
31 49
31 51
31 73
31 37
31 62
31 59
31 66
32 62
32 76
32 71
32 49
32 57
33 49
34 49
35 64
35 61
35 49
35 57
35 37
36 49
36 89
36 52
36 51
36 57
36 37
36 45
37 64
37 68
37 71
37 49
37 57
37 73
37 89
37 66
37 69
38 49
38 51
39 49
40 49
41 68
41 49
41 70
41 79
41 47
42 49
43 49
44 49
44 59
45 49
45 57
45 52
46 61
46 50
46 49
46 58
46 72
46 71
47 49
47 57
47 52
47 70
47 54
48 49
48 89
48 66
48 82
49 75
49 64
49 61
49 62
49 67
49 76
49 50
49 68
49 71
49 88
49 86
49 89
49 80
49 52
49 51
49 58
49 72
49 79
49 57
49 53
49 60
49 73
49 83
49 85
49 87
49 70
49 59
49 66
49 74
49 69
49 77
49 65
49 54
49 81
49 84
49 56
49 63
49 82
49 55
49 78
50 61
50 51
50 71
51 84
51 52
51 73
51 59
51 65
52 68
52 73
52 59
57 64
57 62
57 68
57 71
57 89
57 66
57 84
58 71
58 74
58 88
59 73
60 86
61 79
61 85
61 62
61 66
61 84
62 64
62 76
62 71
62 84
64 68
64 84
66 84
66 89
68 73
68 71
68 70
69 71
71 76
71 85
71 87
71 84
82 89
