0 78
0 76
0 82
0 77
0 84
0 25
0 75
0 81
0 57
0 83
0 79
0 80
0 28
0 85
0 88
0 92
0 94
0 95
0 3
0 15
0 16
0 32
1 78
1 76
1 82
1 77
1 84
1 25
1 75
1 81
1 57
1 83
1 79
1 80
1 28
1 85
1 88
1 92
1 94
1 95
1 4
1 5
1 15
1 16
1 32
2 76
2 33
2 77
2 25
2 75
2 81
2 36
2 42
2 47
2 57
2 62
2 79
2 80
2 35
2 61
2 59
2 63
3 74
3 78
3 76
3 82
3 33
3 77
3 84
3 55
3 25
3 75
3 81
3 31
3 34
3 36
3 57
3 58
3 79
3 80
3 85
3 87
3 88
3 89
3 90
3 91
3 92
3 59
3 13
3 16
3 17
3 24
3 32
3 39
3 43
3 46
3 66
3 72
4 78
4 76
4 82
4 77
4 84
4 25
4 75
4 81
4 57
4 58
4 83
4 79
4 80
4 28
4 85
4 94
4 95
4 5
4 32
5 78
5 76
5 82
5 33
5 77
5 84
5 25
5 75
5 81
5 57
5 58
5 27
5 83
5 79
5 80
5 28
5 85
5 87
5 93
5 94
5 95
5 32
5 63
6 78
6 76
6 82
6 33
6 96
6 77
6 84
6 51
6 55
6 25
6 75
6 81
6 37
6 31
6 34
6 36
6 42
6 45
6 47
6 52
6 56
6 57
6 60
6 62
6 69
6 79
6 80
6 83
6 26
6 28
6 35
6 40
6 41
6 44
6 48
6 49
6 50
6 54
6 59
6 64
6 7
6 8
6 9
6 10
6 11
6 12
6 27
7 78
7 76
7 82
7 33
7 96
7 77
7 51
7 55
7 25
7 75
7 81
7 37
7 31
7 34
7 36
7 42
7 45
7 47
7 52
7 56
7 57
7 79
7 80
7 83
7 26
7 28
7 35
7 40
7 41
7 44
7 48
7 49
7 50
7 54
7 8
7 9
7 10
7 11
7 12
7 27
8 78
8 76
8 82
8 33
8 96
8 77
8 51
8 55
8 25
8 75
8 81
8 37
8 31
8 34
8 36
8 42
8 45
8 47
8 52
8 56
8 9
8 10
8 27
8 79
8 80
8 26
8 28
8 35
8 40
8 41
8 44
8 48
8 49
8 50
8 54
8 11
8 12
9 78
9 76
9 82
9 33
9 96
9 77
9 51
9 55
9 25
9 75
9 81
9 37
9 31
9 34
9 36
9 42
9 45
9 47
9 52
9 56
9 57
9 79
9 80
9 83
9 26
9 28
9 35
9 40
9 41
9 44
9 48
9 49
9 50
9 54
9 10
9 11
9 12
9 27
10 78
10 76
10 82
10 33
10 96
10 77
10 51
10 55
10 25
10 75
10 81
10 37
10 31
10 34
10 36
10 42
10 45
10 47
10 52
10 56
10 57
10 79
10 80
10 83
10 26
10 28
10 35
10 40
10 41
10 44
10 48
10 49
10 50
10 54
10 11
10 12
10 27
11 78
11 76
11 82
11 33
11 96
11 77
11 51
11 55
11 25
11 75
11 81
11 37
11 31
11 34
11 36
11 42
11 45
11 47
11 52
11 56
11 79
11 80
11 26
11 28
11 35
11 40
11 41
11 44
11 48
11 49
11 50
11 54
11 12
12 78
12 76
12 82
12 33
12 96
12 77
12 51
12 55
12 25
12 75
12 81
12 37
12 31
12 34
12 36
12 42
12 45
12 47
12 52
12 56
12 79
12 80
12 26
12 28
12 35
12 40
12 41
12 44
12 48
12 49
12 50
12 54
13 78
13 76
13 82
13 33
13 77
13 84
13 25
13 75
13 81
13 37
13 31
13 57
13 58
13 79
13 80
13 26
13 63
14 78
14 76
14 84
14 25
14 75
14 81
14 79
14 80
14 90
14 43
15 74
15 78
15 76
15 82
15 77
15 84
15 25
15 75
15 81
15 83
15 79
15 80
15 85
15 88
15 89
15 90
15 92
15 93
15 94
15 95
15 32
16 74
16 25
16 81
16 37
16 31
16 57
16 80
17 76
17 84
17 25
17 81
17 79
18 74
18 78
18 76
18 82
18 77
18 84
18 25
18 75
18 81
18 83
18 79
18 80
18 85
18 86
18 87
18 88
18 89
18 90
18 91
18 92
18 93
18 94
18 95
19 74
19 78
19 76
19 82
19 77
19 84
19 25
19 75
19 81
19 83
19 79
19 80
19 85
19 86
19 87
19 88
19 89
19 90
19 91
19 92
19 93
19 94
19 95
20 78
20 76
20 82
20 84
20 25
20 75
20 81
20 58
20 79
20 80
21 76
21 33
21 84
21 25
21 81
21 57
21 79
21 80
21 35
21 44
21 48
21 50
21 61
22 78
22 25
22 75
22 81
22 37
22 57
22 79
23 76
23 82
23 55
23 25
23 81
23 79
23 40
24 78
24 76
24 82
24 77
24 84
24 25
24 75
24 81
24 83
24 79
24 80
24 85
24 86
24 87
24 88
24 89
24 90
24 46
25 74
25 78
25 76
25 82
25 33
25 96
25 77
25 84
25 51
25 55
25 73
25 75
25 79
25 80
25 81
25 85
25 90
25 93
25 94
25 95
25 26
25 28
25 37
25 31
25 34
25 35
25 36
25 40
25 41
25 42
25 44
25 45
25 47
25 48
25 49
25 50
25 52
25 54
25 56
25 57
25 58
25 60
25 61
25 62
25 64
25 69
25 70
25 27
25 43
25 46
26 78
26 76
26 82
26 33
26 96
26 77
26 84
26 51
26 55
26 75
26 81
26 37
26 31
26 34
26 36
26 42
26 45
26 52
26 56
26 57
26 58
26 60
26 62
26 69
26 70
26 27
26 79
26 80
26 90
26 35
26 41
26 44
26 48
26 50
27 78
27 76
27 82
27 33
27 96
27 77
27 51
27 55
27 75
27 81
27 37
27 31
27 34
27 36
27 42
27 45
27 47
27 52
27 56
27 57
27 58
27 60
27 67
27 79
27 80
27 83
27 28
27 35
27 40
27 41
27 44
27 48
27 49
27 50
27 54
27 65
27 63
28 78
28 76
28 82
28 33
28 96
28 77
28 84
28 51
28 55
28 75
28 81
28 37
28 31
28 34
28 36
28 42
28 45
28 56
28 57
28 58
28 60
28 62
28 70
28 79
28 80
28 35
28 41
28 44
28 48
29 78
29 82
29 77
29 75
29 81
29 57
29 58
29 79
29 80
30 78
30 76
30 75
30 81
30 37
30 58
30 79
30 80
31 74
31 78
31 76
31 82
31 33
31 96
31 77
31 84
31 51
31 55
31 75
31 81
31 37
31 79
31 80
31 83
31 34
31 35
31 36
31 40
31 41
31 42
31 44
31 45
31 47
31 48
31 49
31 50
31 52
31 54
31 56
31 57
31 58
31 59
31 60
31 61
31 62
31 71
31 64
31 65
31 67
31 68
31 69
31 70
31 63
32 74
32 78
32 76
32 82
32 77
32 84
32 75
32 81
32 83
32 79
32 80
32 85
32 86
32 87
32 88
32 89
32 90
32 91
32 92
32 93
32 94
32 95
32 63
33 78
33 76
33 82
33 96
33 75
33 77
33 79
33 80
33 81
33 83
33 84
33 37
33 34
33 35
33 36
33 40
33 41
33 42
33 44
33 45
33 47
33 48
33 49
33 50
33 51
33 52
33 54
33 55
33 56
33 57
33 58
33 59
33 60
33 61
33 62
33 64
33 65
33 67
33 69
33 70
33 63
33 72
34 78
34 76
34 82
34 96
34 77
34 84
34 51
34 55
34 75
34 81
34 37
34 79
34 80
34 83
34 35
34 36
34 40
34 41
34 42
34 44
34 45
34 47
34 48
34 49
34 50
34 52
34 54
34 56
34 57
34 58
34 59
34 60
34 61
34 62
34 71
34 64
34 65
34 67
34 68
34 69
34 70
34 63
35 78
35 76
35 82
35 96
35 77
35 84
35 51
35 55
35 75
35 81
35 37
35 36
35 42
35 45
35 47
35 52
35 56
35 57
35 58
35 60
35 62
35 67
35 69
35 70
35 79
35 80
35 40
35 41
35 44
35 48
35 49
35 50
35 54
35 61
35 71
35 64
35 65
35 63
36 78
36 76
36 82
36 96
36 77
36 84
36 51
36 55
36 75
36 81
36 37
36 79
36 80
36 83
36 40
36 41
36 42
36 44
36 45
36 47
36 48
36 49
36 50
36 52
36 54
36 56
36 57
36 58
36 59
36 60
36 62
36 70
36 63
37 78
37 76
37 82
37 96
37 77
37 84
37 51
37 55
37 75
37 81
37 79
37 80
37 83
37 40
37 41
37 42
37 44
37 45
37 47
37 48
37 49
37 50
37 52
37 54
37 56
37 57
37 58
37 59
37 60
37 61
37 62
37 71
37 64
37 65
37 67
37 68
37 69
37 70
37 39
37 38
37 66
38 76
38 81
38 47
38 58
38 80
38 63
39 78
39 76
39 81
39 57
39 58
39 79
39 80
39 63
40 78
40 76
40 82
40 96
40 77
40 84
40 51
40 55
40 75
40 81
40 42
40 45
40 52
40 56
40 57
40 58
40 60
40 62
40 67
40 69
40 70
40 79
40 41
40 44
40 48
40 50
40 61
41 78
41 76
41 82
41 96
41 77
41 84
41 51
41 55
41 75
41 81
41 42
41 45
41 47
41 52
41 56
41 57
41 58
41 60
41 62
41 67
41 69
41 70
41 79
41 80
41 44
41 48
41 49
41 50
41 54
41 65
42 78
42 76
42 82
42 96
42 77
42 84
42 51
42 55
42 75
42 81
42 79
42 80
42 83
42 44
42 45
42 47
42 48
42 49
42 50
42 52
42 54
42 56
42 57
42 58
42 59
42 60
42 61
42 62
42 71
42 64
42 65
42 67
42 68
42 69
42 70
42 63
43 78
43 76
43 82
43 77
43 84
43 75
43 81
43 83
43 79
43 80
43 85
43 86
43 87
43 88
43 89
43 90
43 93
43 94
43 46
44 78
44 76
44 82
44 96
44 77
44 84
44 51
44 55
44 75
44 81
44 45
44 47
44 52
44 56
44 57
44 58
44 60
44 62
44 69
44 70
44 79
44 80
44 48
44 49
44 50
44 54
44 61
44 71
44 65
45 78
45 76
45 82
45 96
45 77
45 84
45 51
45 55
45 75
45 81
45 79
45 80
45 83
45 47
45 48
45 49
45 50
45 52
45 54
45 56
45 57
45 58
45 60
45 61
45 62
45 69
45 70
46 78
46 76
46 82
46 77
46 84
46 75
46 81
46 83
46 79
46 80
46 85
46 86
46 87
46 88
46 89
46 90
46 91
46 92
47 78
47 76
47 82
47 96
47 77
47 84
47 51
47 55
47 75
47 81
47 79
47 80
47 48
47 50
47 52
47 56
47 57
47 58
47 59
47 60
47 61
47 62
47 69
47 70
47 63
48 78
48 76
48 82
48 96
48 77
48 84
48 51
48 55
48 75
48 81
48 52
48 56
48 57
48 58
48 60
48 62
48 67
48 69
48 70
48 79
48 80
48 49
48 50
48 54
48 64
48 65
49 78
49 76
49 82
49 96
49 77
49 84
49 51
49 55
49 75
49 81
49 52
49 56
49 57
49 58
49 60
49 62
49 69
49 70
49 79
49 80
49 50
50 78
50 76
50 82
50 96
50 77
50 84
50 51
50 55
50 75
50 81
50 52
50 56
50 57
50 58
50 60
50 62
50 69
50 70
50 79
50 80
50 61
50 64
50 63
51 78
51 76
51 82
51 96
51 77
51 84
51 75
51 79
51 80
51 81
51 52
51 54
51 55
51 56
51 57
51 58
51 60
51 62
51 65
51 69
51 70
52 78
52 76
52 82
52 96
52 77
52 84
52 55
52 75
52 81
52 79
52 80
52 83
52 54
52 56
52 57
52 58
52 59
52 60
52 61
52 62
52 71
52 64
52 65
52 67
52 68
52 69
52 70
52 63
53 74
53 78
53 76
53 82
53 77
53 84
53 75
53 81
53 83
53 79
53 80
53 85
53 86
53 87
53 88
53 89
53 90
53 91
53 92
53 93
53 94
53 95
54 78
54 76
54 82
54 96
54 77
54 84
54 55
54 75
54 81
54 56
54 57
54 58
54 60
54 62
54 67
54 69
54 70
54 79
54 65
55 78
55 76
55 82
55 96
55 77
55 84
55 75
55 79
55 80
55 81
55 83
55 91
55 92
55 56
55 57
55 58
55 59
55 60
55 61
55 62
55 71
55 64
55 65
55 67
55 68
55 69
55 70
55 63
56 78
56 76
56 82
56 96
56 77
56 84
56 75
56 81
56 79
56 80
56 83
56 57
56 58
56 60
56 62
56 65
56 67
56 69
56 70
57 74
57 78
57 76
57 82
57 96
57 77
57 84
57 75
57 81
57 79
57 80
57 83
57 58
57 59
57 60
57 61
57 62
57 71
57 64
57 65
57 67
57 68
57 69
57 70
57 63
58 78
58 76
58 82
58 77
58 84
58 75
58 81
58 79
58 80
58 83
58 95
58 59
58 60
58 61
58 62
58 71
58 64
58 65
58 67
58 68
58 69
58 70
58 66
59 77
59 84
59 75
59 81
59 60
59 62
59 69
59 70
59 79
59 63
60 78
60 76
60 82
60 77
60 84
60 75
60 81
60 79
60 80
60 83
60 61
60 62
60 71
60 64
60 65
60 67
60 68
60 69
60 70
60 63
61 78
61 76
61 77
61 84
61 75
61 81
61 62
61 69
61 70
61 79
61 80
61 71
61 63
62 78
62 76
62 82
62 77
62 84
62 75
62 81
62 79
62 80
62 83
62 71
62 64
62 65
62 67
62 68
62 69
62 70
63 78
63 76
63 82
63 77
63 84
63 75
63 81
63 69
63 79
63 72
64 77
64 84
64 81
64 69
64 70
65 78
65 77
65 84
65 75
65 81
65 69
65 70
65 79
66 81
66 80
67 78
67 77
67 84
67 81
67 79
67 69
67 70
68 77
68 84
68 81
68 69
68 70
69 78
69 76
69 82
69 77
69 84
69 75
69 81
69 79
69 80
69 83
69 71
69 70
70 78
70 76
70 82
70 77
70 84
70 75
70 81
70 79
70 80
70 83
70 71
71 77
71 84
71 75
71 81
71 79
71 80
72 75
72 81
72 80
73 74
73 78
73 76
73 82
73 77
73 84
73 75
73 81
73 83
73 79
73 80
73 85
73 86
73 87
73 88
73 89
73 90
73 91
73 92
73 93
73 94
73 95
74 75
74 76
74 77
74 78
74 79
74 80
74 81
74 82
74 83
74 84
74 85
74 86
74 88
74 89
74 90
74 92
74 93
74 94
74 95
75 78
75 76
75 82
75 96
75 77
75 84
75 79
75 80
75 81
75 83
75 85
75 86
75 87
75 88
75 89
75 90
75 91
75 92
75 93
75 94
75 95
76 78
76 96
76 77
76 79
76 80
76 81
76 82
76 84
76 85
76 86
76 87
76 88
76 89
76 90
76 91
76 92
76 93
76 94
77 78
77 82
77 96
77 79
77 80
77 81
77 83
77 84
77 85
77 86
77 88
77 89
77 90
77 91
77 92
77 93
77 94
78 96
78 79
78 80
78 81
78 82
78 84
78 85
78 88
78 89
78 90
78 91
78 92
78 93
78 94
78 95
79 82
79 96
79 84
79 81
79 80
79 88
79 89
79 90
79 91
79 92
79 93
79 94
80 82
80 96
80 84
80 81
80 86
80 87
80 88
80 89
80 90
80 91
80 92
80 93
80 94
80 95
81 82
81 96
81 84
81 83
81 85
81 86
81 87
81 88
81 89
81 90
81 91
81 92
81 93
81 94
81 95
82 96
82 83
82 84
82 85
82 86
82 87
82 88
82 89
82 90
82 91
82 92
82 93
82 94
83 96
83 84
83 88
83 89
83 90
83 91
83 92
83 93
83 94
84 85
84 86
84 87
84 88
84 89
84 90
84 91
84 92
84 93
84 94
85 86
85 87
85 88
85 89
85 90
85 91
85 92
85 93
85 94
86 88
86 89
86 91
86 92
86 93
86 94
87 88
87 89
87 90
87 91
87 92
87 93
87 94
88 89
88 90
88 91
88 92
88 93
88 94
89 90
89 91
89 92
89 93
89 94
90 91
90 92
90 93
90 94
91 93
91 94
92 93
92 94
93 94
93 95
