0 3
0 58
0 61
0 7
0 11
0 28
0 82
0 63
0 64
0 65
0 78
0 79
0 80
0 81
1 68
1 5
1 27
1 70
1 29
1 69
1 88
1 32
1 57
1 85
1 86
1 71
1 90
1 91
1 73
1 56
2 47
2 83
2 50
2 42
3 35
3 27
3 70
3 29
3 20
4 47
4 52
4 83
4 55
4 60
4 92
4 50
4 53
4 54
5 68
5 27
5 32
5 69
5 70
5 71
5 72
5 73
5 29
5 31
5 88
5 20
5 90
5 91
5 56
5 84
5 8
6 70
6 24
6 46
7 58
7 61
7 11
7 28
7 89
7 63
7 64
7 65
7 78
7 79
7 80
7 81
7 23
8 27
8 70
8 20
8 32
8 72
9 59
9 83
10 83
11 78
11 61
11 28
11 82
11 89
11 63
11 64
11 65
11 79
11 80
11 81
11 49
11 23
12 52
12 83
13 70
13 24
13 25
13 67
13 14
14 70
14 24
14 15
14 16
14 17
15 70
15 24
15 25
16 70
17 70
18 70
19 70
20 27
20 70
20 32
20 56
20 84
21 74
21 83
22 68
22 70
23 78
23 61
23 63
23 64
23 28
23 89
23 82
23 65
23 79
23 80
23 81
23 49
23 48
24 70
25 70
26 87
26 37
26 38
27 68
27 44
27 93
27 85
27 86
27 69
27 70
27 71
27 72
27 29
27 31
27 57
27 88
27 56
27 84
28 58
28 78
28 61
28 63
28 64
28 82
28 89
28 65
28 79
28 80
28 81
28 49
28 48
29 68
29 70
29 85
29 86
29 69
29 71
29 73
29 57
29 90
29 56
30 59
30 45
30 52
30 35
30 92
30 42
30 50
30 53
30 54
30 34
30 83
31 68
31 70
31 69
32 68
32 70
32 93
32 86
32 72
32 57
32 56
32 84
33 70
33 57
33 71
33 72
33 73
34 52
34 83
35 47
35 52
35 83
35 50
35 53
35 54
36 59
36 47
36 92
36 39
36 42
36 41
36 45
36 50
36 52
36 53
36 54
36 60
36 83
37 83
37 43
37 87
37 38
38 43
39 47
39 52
39 83
39 55
39 60
39 41
39 50
39 42
39 53
39 54
40 60
40 83
40 78
41 47
41 45
41 52
41 83
41 60
41 42
41 50
41 51
41 54
42 47
42 45
42 52
42 83
42 55
42 60
42 50
42 53
42 54
42 92
42 51
44 70
45 59
45 47
45 92
45 50
45 52
45 54
45 60
45 83
46 70
47 59
47 92
47 50
47 51
47 52
47 53
47 54
47 60
47 83
48 63
48 64
48 65
48 79
48 81
49 78
49 61
49 63
49 64
49 89
49 82
49 65
49 79
49 80
49 81
50 52
50 83
50 60
50 51
50 53
50 54
51 83
51 60
52 59
52 92
52 53
52 54
52 55
52 60
52 83
53 83
53 55
53 60
53 92
53 54
54 83
54 60
54 92
55 83
56 68
56 70
56 69
56 88
56 57
56 86
56 71
56 91
56 72
57 68
57 70
57 69
57 85
57 86
57 71
57 73
57 90
57 91
58 82
58 89
58 63
58 64
58 65
59 83
60 83
60 92
61 78
61 82
61 89
61 63
61 64
61 65
61 79
61 80
61 81
62 70
63 78
63 82
63 89
63 64
63 65
63 79
63 80
63 81
64 78
64 82
64 89
64 65
64 79
64 80
64 81
65 78
65 89
65 82
65 79
65 80
65 81
66 83
67 70
68 93
68 86
68 69
68 70
68 71
68 73
68 90
68 91
68 84
69 70
69 93
69 71
69 72
69 73
69 90
69 84
70 93
70 85
70 86
70 71
70 72
70 73
70 88
70 90
70 91
70 84
71 93
71 85
71 86
71 72
71 73
72 93
72 90
72 73
72 84
73 93
73 85
73 86
74 83
75 83
76 83
77 83
78 82
78 89
78 79
78 80
78 81
79 89
79 82
79 80
79 81
80 82
80 81
81 89
81 82
82 89
83 92
84 90
85 86
85 90
86 88
86 90
