0 45
1 45
1 80
2 45
2 44
2 32
2 5
2 82
2 50
3 33
3 14
3 45
3 73
3 25
3 16
4 33
4 14
4 45
4 76
4 16
5 45
5 44
5 79
5 46
5 51
5 24
6 45
6 33
6 29
6 46
7 45
7 18
7 17
7 42
7 48
7 49
8 45
8 44
8 86
8 87
8 60
9 45
9 78
9 15
9 81
9 70
9 71
9 73
9 74
9 75
9 88
9 53
10 45
10 70
11 45
11 43
11 79
11 87
12 14
12 45
13 45
14 76
14 47
14 40
14 45
14 33
14 29
14 46
14 68
14 43
14 31
14 58
14 61
15 45
15 78
15 70
15 73
15 81
15 71
15 74
15 75
15 88
15 54
16 45
17 45
17 18
17 48
17 49
18 45
18 42
18 48
18 49
19 45
19 72
20 45
21 45
22 45
22 43
22 86
23 45
23 46
23 51
23 69
23 37
23 58
23 63
24 45
24 44
25 45
25 68
25 61
26 45
26 29
26 68
26 30
26 80
26 61
27 45
27 28
28 45
29 40
29 45
29 33
29 46
29 68
29 61
30 45
30 80
30 56
31 45
32 45
32 86
33 40
33 45
33 46
34 45
35 45
36 45
37 45
37 69
37 57
37 63
38 45
38 43
39 45
40 46
40 45
41 45
42 45
42 48
42 49
43 76
43 45
43 44
43 46
44 45
44 79
44 58
45 77
45 76
45 85
45 47
45 89
45 46
45 51
45 68
45 72
45 86
45 81
45 70
45 71
45 73
45 74
45 75
45 69
45 79
45 87
45 80
45 48
45 49
45 67
45 83
45 82
45 84
45 88
45 78
45 57
45 50
45 52
45 53
45 54
45 55
45 56
45 58
45 60
45 59
45 66
45 61
45 62
45 63
45 64
45 65
46 80
48 49
51 69
51 58
51 63
52 62
53 81
53 71
53 54
54 70
54 73
54 81
54 71
54 74
57 69
59 71
63 69
65 70
65 73
65 81
65 71
65 74
65 75
70 78
70 81
70 71
70 73
70 74
70 75
70 88
71 78
71 73
71 81
71 74
71 75
71 88
73 78
73 81
73 74
73 75
73 88
74 81
74 75
74 88
75 81
75 88
78 81
81 88
82 85
85 86
