0 13
0 54
1 13
1 58
1 78
1 80
1 11
1 63
1 46
1 47
1 70
1 14
1 22
2 56
2 55
2 48
2 78
2 79
2 24
2 3
2 45
3 56
3 55
3 48
3 78
3 79
3 24
3 45
3 20
4 13
4 53
4 32
4 34
4 54
5 78
5 9
6 13
6 54
7 28
7 82
7 58
7 78
7 79
7 66
7 11
7 46
7 31
7 47
7 70
7 8
7 9
7 12
7 16
7 57
7 25
7 26
7 59
7 68
7 67
8 28
8 82
8 78
8 74
8 11
8 64
8 46
8 14
8 47
8 70
8 9
8 12
8 25
8 26
8 59
8 68
8 67
8 83
8 61
9 28
9 82
9 78
9 79
9 66
9 11
9 46
9 14
9 37
9 75
9 47
9 38
9 12
9 22
9 31
9 16
9 57
9 83
10 54
11 13
11 28
11 82
11 58
11 78
11 79
11 66
11 46
11 31
11 47
11 38
11 12
11 16
11 57
12 78
12 66
12 74
12 46
12 47
12 16
12 57
12 25
12 26
12 67
13 49
13 51
13 78
13 50
13 48
13 56
13 55
13 79
13 80
13 66
13 74
13 63
13 64
13 17
13 21
14 28
14 78
14 74
14 63
14 31
14 38
14 75
14 70
15 32
15 54
16 58
16 78
16 66
16 46
16 47
16 31
16 57
17 78
17 80
17 21
17 60
18 78
18 46
18 47
19 78
19 64
19 37
20 56
20 55
20 48
20 78
20 79
20 24
20 45
20 62
21 78
21 80
21 70
21 60
22 82
22 58
22 78
22 66
22 37
22 47
22 38
22 70
22 31
22 57
23 40
23 41
23 54
24 56
24 55
24 48
24 78
24 79
24 45
25 82
25 78
25 63
25 46
26 82
26 78
26 59
27 78
28 46
28 78
28 47
28 38
28 82
28 79
28 66
28 74
28 59
28 63
28 68
28 67
28 69
29 49
29 71
29 33
29 54
30 71
30 33
30 54
31 58
31 78
31 66
31 74
31 46
31 47
31 59
31 69
31 83
32 53
32 34
32 54
33 81
33 55
33 49
33 71
33 54
34 53
34 54
35 78
36 78
36 52
37 78
37 47
38 82
38 58
38 78
38 79
38 66
38 74
38 47
38 70
38 57
39 78
39 62
39 73
40 54
41 54
42 54
43 78
44 54
45 56
45 55
45 48
45 78
45 79
46 82
46 58
46 78
46 66
46 63
46 47
46 70
46 57
46 83
47 82
47 78
47 66
47 70
47 57
47 59
47 69
48 56
48 55
48 78
48 79
48 62
49 84
49 81
49 54
49 71
50 78
51 54
52 78
53 54
54 81
54 71
54 72
54 76
54 77
55 56
55 78
55 58
55 79
55 80
55 63
55 62
56 78
56 79
56 62
57 82
57 58
57 78
57 65
58 78
58 79
58 66
59 78
59 63
59 70
59 69
59 61
60 78
60 80
61 78
62 78
62 80
62 73
63 78
63 70
63 69
64 78
64 79
64 75
64 70
65 78
66 82
66 78
66 83
67 78
68 78
69 78
69 74
69 70
70 78
70 74
73 78
74 78
75 78
78 84
78 82
78 79
78 80
78 83
