0 69
0 60
0 86
0 39
0 42
1 19
1 39
1 37
1 79
1 90
1 63
1 88
1 94
1 17
1 6
1 53
1 71
2 39
2 8
2 56
2 14
2 10
2 11
2 12
2 18
2 23
2 5
3 39
4 16
4 39
4 6
5 39
5 8
5 30
5 20
5 23
5 15
5 12
5 70
6 16
6 39
6 93
6 88
6 94
7 39
7 77
7 78
8 54
8 13
8 39
8 50
8 77
8 78
8 83
8 56
8 14
8 58
8 75
8 15
8 61
8 96
8 10
8 12
8 18
8 20
8 22
8 30
8 48
8 68
8 70
8 64
9 39
10 54
10 39
10 48
10 20
10 15
10 23
11 82
11 39
12 39
12 30
12 14
12 77
12 20
12 78
12 75
12 22
12 15
12 83
12 56
13 39
13 61
13 96
13 20
13 22
13 30
13 48
13 92
14 39
14 61
14 30
14 48
14 56
14 58
14 20
14 22
15 21
15 39
15 30
15 48
15 36
15 77
15 20
15 56
16 54
16 39
16 22
16 48
17 39
17 79
17 66
17 90
17 63
17 53
17 71
18 39
18 30
18 77
18 78
18 83
19 39
19 90
19 37
19 63
19 79
20 54
20 21
20 39
20 61
20 30
20 48
20 80
20 36
20 58
20 56
20 75
20 96
20 23
20 22
20 70
21 39
21 23
22 54
22 26
22 39
22 61
22 30
22 36
22 91
22 24
22 58
22 77
22 96
22 92
22 78
22 75
22 83
22 70
22 64
22 25
23 54
23 39
23 36
24 39
24 48
24 77
24 78
24 75
25 39
25 77
25 78
25 83
25 52
25 32
26 39
27 39
28 39
28 51
29 39
30 54
30 39
30 61
30 80
30 91
30 58
30 75
30 48
30 92
31 69
31 39
32 39
32 77
32 78
32 33
33 39
34 39
35 39
36 54
36 39
36 61
37 39
37 90
37 63
37 79
38 69
38 39
39 76
39 69
39 95
39 54
39 67
39 40
39 82
39 73
39 59
39 60
39 86
39 49
39 46
39 41
39 50
39 77
39 78
39 83
39 66
39 89
39 51
39 47
39 56
39 80
39 91
39 45
39 62
39 58
39 75
39 61
39 96
39 87
39 48
39 52
39 84
39 90
39 63
39 72
39 85
39 68
39 70
39 92
39 93
39 81
39 79
39 88
39 94
39 64
39 65
39 53
39 55
39 74
39 57
39 44
39 42
39 43
39 71
40 82
41 95
41 46
42 69
42 85
43 69
44 53
45 95
48 61
48 80
48 75
53 79
53 90
53 63
53 72
53 81
53 88
53 94
53 57
53 55
53 71
54 77
54 78
54 75
54 61
54 96
55 90
55 72
55 81
55 71
56 58
58 91
58 77
58 78
58 83
60 86
61 80
61 75
61 96
61 92
62 82
63 79
63 90
63 81
63 88
63 94
63 71
64 77
64 78
64 65
69 86
70 91
71 90
71 72
71 81
72 81
73 87
75 82
75 80
75 92
77 91
77 78
77 83
78 91
78 92
78 83
79 90
79 88
83 91
88 90
90 94
