0 39
0 31
0 43
0 4
0 33
0 34
0 48
0 8
0 49
0 36
0 23
0 30
0 32
0 35
0 16
1 4
1 12
1 7
1 58
1 64
1 60
1 62
2 4
2 23
2 27
2 86
3 4
3 7
3 19
3 61
4 71
4 77
4 39
4 80
4 31
4 92
4 20
4 43
4 21
4 8
4 14
4 70
4 49
4 13
4 83
4 69
4 93
4 73
4 48
4 72
4 26
4 36
4 9
4 10
4 23
4 79
4 90
4 85
4 89
4 29
4 34
4 84
4 37
4 59
4 75
4 47
4 53
4 74
4 87
4 5
4 24
4 18
4 95
4 91
4 25
4 27
4 28
4 30
4 32
4 33
4 35
4 44
4 76
4 38
4 67
4 68
4 78
4 22
4 65
4 7
4 15
4 96
4 41
4 94
4 56
4 11
4 12
4 17
4 54
4 50
4 51
4 40
4 16
4 6
4 57
4 88
4 45
4 82
4 86
4 19
4 52
4 81
4 42
4 46
4 55
4 58
4 64
4 60
4 61
4 62
4 63
4 66
5 12
5 47
5 66
6 22
6 49
7 42
7 41
7 67
7 12
7 58
7 64
7 60
7 62
8 39
8 31
8 43
8 33
8 48
8 32
8 35
8 30
8 93
8 36
8 29
9 88
10 14
10 18
11 14
11 73
11 17
12 37
12 64
12 62
14 83
14 73
14 35
14 15
15 17
15 96
16 86
17 89
17 48
17 85
17 83
17 96
21 77
21 27
22 43
22 29
22 76
23 76
23 27
23 86
25 71
25 93
25 85
27 82
27 44
27 86
28 82
28 35
28 30
28 36
29 34
29 76
30 31
30 43
30 33
30 48
30 32
30 35
30 93
30 36
31 93
31 48
31 36
31 43
31 32
31 33
31 35
32 43
32 33
32 48
32 36
32 35
33 43
33 93
33 48
33 36
33 35
34 49
34 85
35 71
35 43
35 89
35 48
35 93
35 36
36 43
36 48
36 93
39 76
40 70
40 75
41 46
42 45
43 71
43 77
43 93
43 48
43 72
47 91
48 93
49 76
53 89
54 59
56 76
58 60
58 64
59 94
60 64
60 62
66 67
66 75
66 91
67 70
67 75
67 95
67 91
68 75
68 95
68 91
69 72
70 95
71 89
73 80
74 92
74 85
74 84
74 76
75 95
75 91
78 85
79 88
79 90
80 85
83 88
88 90
91 95
