0 48
0 49
0 50
0 96
0 3
0 92
0 14
0 31
0 73
0 62
0 1
0 2
0 5
0 87
0 15
0 65
0 81
0 22
0 71
0 72
0 74
0 75
0 76
0 77
0 82
0 80
1 48
1 49
1 50
1 96
1 3
1 92
1 14
1 31
1 75
1 73
1 72
1 2
1 5
1 81
1 22
1 71
1 80
1 62
1 87
1 15
1 65
1 74
1 76
1 77
1 82
2 46
2 48
2 49
2 50
2 96
2 3
2 92
2 14
2 31
2 75
2 73
2 72
2 62
2 5
2 87
2 15
2 65
2 81
2 22
2 71
2 74
2 76
2 77
2 82
2 80
3 46
3 48
3 49
3 50
3 96
3 31
3 73
3 62
3 5
3 87
3 92
3 14
3 15
3 65
3 81
3 22
3 71
3 72
3 74
3 75
3 76
3 77
3 82
3 80
4 58
4 17
4 31
4 6
4 78
4 7
4 11
4 12
4 16
4 23
4 25
4 26
4 27
4 70
5 48
5 49
5 50
5 96
5 14
5 31
5 75
5 72
5 62
5 65
5 81
5 22
5 71
5 74
5 76
5 77
5 82
5 80
6 53
6 67
6 58
6 64
6 17
6 29
6 31
6 63
6 78
6 66
6 7
6 32
6 8
6 11
6 10
6 12
6 13
6 37
6 16
6 41
6 20
6 24
6 23
6 28
6 25
6 26
6 27
6 59
6 60
6 9
6 69
6 70
7 53
7 58
7 64
7 17
7 29
7 31
7 78
7 66
7 63
7 32
7 8
7 11
7 10
7 12
7 13
7 37
7 16
7 41
7 20
7 24
7 23
7 28
7 25
7 26
7 27
7 59
7 60
7 9
7 69
7 70
8 58
8 17
8 31
8 78
8 11
8 12
8 16
8 23
8 25
8 26
8 27
8 70
9 53
9 58
9 17
9 29
9 31
9 78
9 32
9 11
9 13
9 37
9 16
9 24
9 23
9 28
9 25
9 26
9 27
9 63
9 60
9 70
10 58
10 17
10 31
10 78
10 11
10 12
10 16
10 23
10 25
10 26
10 27
10 70
11 53
11 58
11 64
11 17
11 29
11 31
11 78
11 66
11 32
11 12
11 13
11 37
11 16
11 41
11 20
11 24
11 23
11 28
11 25
11 26
11 27
11 59
11 60
11 70
12 53
12 58
12 17
12 29
12 31
12 78
12 66
12 32
12 37
12 16
12 41
12 23
12 25
12 26
12 27
12 70
13 58
13 31
13 78
13 16
13 23
13 25
13 26
13 27
13 70
14 46
14 48
14 49
14 50
14 96
14 92
14 31
14 73
14 62
14 87
14 15
14 65
14 81
14 22
14 71
14 72
14 75
14 77
14 82
15 46
15 48
15 49
15 50
15 96
15 92
15 31
15 75
15 72
15 81
15 22
15 71
15 80
15 62
15 65
15 74
15 76
15 77
15 82
16 53
16 58
16 64
16 17
16 29
16 31
16 78
16 66
16 32
16 37
16 41
16 20
16 24
16 23
16 28
16 25
16 26
16 27
16 60
16 70
17 53
17 55
17 58
17 64
17 31
17 63
17 29
17 78
17 66
17 32
17 37
17 41
17 24
17 23
17 28
17 25
17 26
17 27
17 59
17 60
17 69
17 70
18 89
18 90
18 48
18 44
18 54
18 56
18 33
18 57
18 30
18 83
18 86
18 51
18 61
18 79
18 31
18 19
18 21
18 34
18 35
18 38
18 84
18 85
18 88
18 91
18 93
18 94
18 95
18 96
18 47
19 89
19 90
19 48
19 44
19 54
19 56
19 33
19 57
19 30
19 68
19 83
19 86
19 51
19 61
19 79
19 31
19 21
19 34
19 35
19 36
19 39
19 40
19 42
19 43
19 84
19 85
19 88
19 91
19 93
19 95
19 96
19 45
19 52
19 47
20 58
20 31
20 78
20 23
20 25
20 26
20 27
20 70
21 89
21 90
21 48
21 44
21 54
21 56
21 33
21 57
21 30
21 68
21 83
21 86
21 51
21 61
21 79
21 31
21 34
21 35
21 36
21 38
21 39
21 40
21 42
21 43
21 84
21 85
21 88
21 91
21 93
21 94
21 95
21 96
21 45
21 52
21 47
22 46
22 48
22 49
22 50
22 96
22 92
22 31
22 75
22 73
22 72
22 81
22 62
22 87
22 65
22 71
22 74
22 76
22 77
22 82
22 80
23 53
23 58
23 29
23 31
23 78
23 66
23 32
23 37
23 41
23 24
23 28
23 25
23 26
23 27
23 70
24 58
24 31
24 78
24 25
24 26
24 27
24 70
25 53
25 58
25 64
25 29
25 31
25 78
25 66
25 32
25 37
25 41
25 28
25 26
25 27
25 59
25 60
25 70
26 53
26 58
26 64
26 29
26 31
26 78
26 66
26 32
26 37
26 41
26 28
26 63
26 27
26 59
26 60
26 69
26 70
27 53
27 58
27 64
27 29
27 31
27 78
27 66
27 32
27 37
27 41
27 28
27 63
27 59
27 60
27 70
28 58
28 29
28 31
28 78
28 66
28 70
29 53
29 58
29 31
29 78
29 70
30 89
30 90
30 48
30 44
30 54
30 56
30 33
30 57
30 68
30 83
30 86
30 31
30 51
30 61
30 79
30 34
30 35
30 36
30 38
30 39
30 40
30 42
30 43
30 84
30 85
30 88
30 91
30 93
30 94
30 95
30 96
30 45
30 52
30 47
31 46
31 89
31 90
31 48
31 53
31 49
31 50
31 67
31 44
31 55
31 54
31 56
31 58
31 33
31 57
31 68
31 83
31 86
31 51
31 61
31 79
31 34
31 35
31 36
31 38
31 39
31 40
31 42
31 43
31 84
31 85
31 88
31 91
31 93
31 94
31 95
31 45
31 52
31 47
31 96
31 64
31 92
31 63
31 73
31 62
31 78
31 66
31 32
31 37
31 41
31 87
31 65
31 81
31 59
31 60
31 71
31 72
31 74
31 75
31 76
31 77
31 82
31 80
31 69
31 70
32 58
32 78
32 70
33 89
33 90
33 48
33 44
33 54
33 56
33 68
33 83
33 86
33 51
33 57
33 61
33 79
33 34
33 35
33 36
33 38
33 39
33 40
33 42
33 43
33 84
33 85
33 88
33 91
33 93
33 94
33 95
33 96
33 45
33 52
33 47
34 89
34 90
34 48
34 44
34 54
34 57
34 68
34 83
34 86
34 51
34 61
34 79
34 35
34 36
34 38
34 39
34 40
34 42
34 43
34 84
34 85
34 88
34 91
34 93
34 94
34 95
34 96
34 45
34 52
34 47
35 89
35 90
35 48
35 44
35 54
35 56
35 57
35 68
35 83
35 86
35 51
35 61
35 79
35 39
35 40
35 42
35 43
35 84
35 85
35 88
35 91
35 93
35 95
35 96
35 45
35 52
35 47
36 89
36 90
36 48
36 44
36 54
36 56
36 57
36 83
36 86
36 51
36 61
36 79
36 40
36 43
36 84
36 85
36 88
36 91
36 93
36 94
36 95
36 96
36 45
36 52
36 47
37 58
37 78
37 70
38 89
38 90
38 48
38 44
38 54
38 56
38 57
38 68
38 83
38 86
38 51
38 61
38 79
38 39
38 40
38 42
38 43
38 84
38 85
38 88
38 91
38 96
38 45
38 47
39 89
39 90
39 48
39 44
39 54
39 56
39 57
39 83
39 86
39 51
39 61
39 79
39 84
39 85
39 88
39 91
39 93
39 94
39 95
39 96
39 47
40 89
40 90
40 48
40 44
40 54
40 56
40 57
40 83
40 86
40 51
40 61
40 79
40 84
40 85
40 88
40 91
40 93
40 94
40 95
40 96
40 47
41 58
41 78
41 70
42 89
42 90
42 48
42 44
42 54
42 56
42 57
42 83
42 86
42 51
42 61
42 79
42 43
42 84
42 85
42 88
42 91
42 93
42 94
42 95
42 96
42 47
43 89
43 90
43 48
43 44
43 54
43 56
43 57
43 83
43 86
43 51
43 61
43 79
43 84
43 85
43 88
43 91
43 93
43 94
43 95
43 96
43 47
44 89
44 90
44 48
44 68
44 54
44 56
44 83
44 86
44 51
44 57
44 61
44 79
44 84
44 85
44 88
44 91
44 93
44 94
44 95
44 45
44 52
44 47
45 89
45 90
45 48
45 54
45 56
45 57
45 83
45 86
45 51
45 61
45 79
45 84
45 85
45 88
45 91
45 93
45 94
45 95
45 96
45 52
45 47
46 96
46 81
46 71
46 76
47 89
47 90
47 48
47 54
47 56
47 57
47 68
47 83
47 86
47 51
47 61
47 79
47 84
47 85
47 88
47 91
47 93
47 94
47 95
47 52
47 96
48 89
48 90
48 68
48 54
48 56
48 83
48 86
48 73
48 51
48 57
48 61
48 79
48 84
48 85
48 88
48 91
48 93
48 94
48 95
48 96
48 62
48 52
48 87
48 92
48 65
48 81
49 73
49 96
49 62
49 50
49 87
49 92
49 65
49 81
49 71
49 72
49 74
49 75
49 76
49 77
49 82
49 80
50 73
50 96
50 62
50 87
50 92
50 65
50 81
50 71
50 72
50 74
50 75
50 76
50 77
50 82
50 80
51 89
51 90
51 54
51 56
51 57
51 68
51 83
51 86
51 61
51 79
51 84
51 85
51 88
51 91
51 93
51 94
51 95
51 96
51 52
52 89
52 90
52 54
52 56
52 57
52 83
52 61
52 79
52 84
52 85
52 88
52 91
52 93
52 94
52 95
52 96
53 58
53 78
53 64
53 66
53 70
54 89
54 90
54 68
54 56
54 83
54 86
54 57
54 61
54 79
54 84
54 85
54 88
54 91
54 93
54 94
54 95
54 96
55 67
56 89
56 90
56 68
56 83
56 86
56 57
56 61
56 79
56 85
56 88
56 91
56 93
56 94
56 95
56 96
57 89
57 90
57 68
57 83
57 86
57 61
57 79
57 84
57 85
57 88
57 91
57 93
57 94
57 95
57 96
58 63
58 78
58 64
58 66
58 59
58 60
58 70
59 78
59 70
60 78
60 66
61 89
61 90
61 68
61 83
61 86
61 79
61 84
61 85
61 88
61 91
61 93
61 94
61 95
61 96
62 96
62 92
62 75
62 73
62 72
62 81
62 71
62 80
62 87
62 65
62 74
62 76
62 77
62 82
63 70
64 70
65 96
65 92
65 75
65 72
65 81
65 71
65 80
65 87
65 74
65 76
65 77
65 82
66 78
66 70
67 73
68 89
68 90
68 83
68 86
68 79
68 84
68 85
68 88
68 91
68 93
68 94
68 95
68 96
69 78
69 70
70 78
71 96
71 92
71 75
71 73
71 72
71 81
71 87
71 74
71 76
71 77
71 82
71 80
72 96
72 92
72 75
72 73
72 87
72 81
72 74
72 76
72 77
72 82
72 80
73 96
73 75
73 81
73 74
73 76
73 77
73 82
73 80
74 96
74 92
74 75
74 81
74 80
74 87
74 76
74 77
74 82
75 96
75 92
75 87
75 81
75 76
75 77
75 82
75 80
76 96
76 92
76 81
76 80
76 87
76 77
76 82
77 96
77 92
77 81
77 80
77 87
77 82
79 89
79 90
79 83
79 86
79 84
79 85
79 88
79 91
79 93
79 94
79 95
79 96
80 96
80 92
80 81
80 82
81 96
81 92
81 87
81 82
82 96
82 92
82 87
83 89
83 90
83 86
83 84
83 85
83 88
83 91
83 93
83 94
83 95
83 96
84 89
84 90
84 86
84 85
84 88
84 91
84 93
84 94
84 95
84 96
85 89
85 90
85 86
85 88
85 91
85 93
85 94
85 95
85 96
86 89
86 90
86 88
86 91
86 93
86 94
86 95
86 96
87 96
88 89
88 90
88 91
88 93
88 94
88 95
88 96
89 90
89 91
89 93
89 94
89 95
89 96
90 91
90 93
90 94
90 95
90 96
91 93
91 94
91 95
91 96
92 96
93 95
93 96
94 95
94 96
95 96
