0 53
0 54
0 69
0 14
0 82
1 80
1 25
1 23
1 66
1 19
1 41
2 53
2 54
2 69
3 12
4 12
5 80
5 12
6 12
6 63
7 12
7 63
8 76
8 64
8 80
8 77
8 61
8 11
8 83
9 67
9 33
10 83
10 49
10 60
10 71
11 76
11 64
11 77
11 12
12 76
12 64
12 59
12 80
12 77
12 61
12 75
12 68
12 45
12 74
12 65
12 15
12 62
12 55
12 63
12 13
12 16
12 70
12 71
12 72
13 80
13 74
14 50
14 53
14 54
14 69
14 79
14 82
15 74
17 37
17 22
17 56
17 57
17 25
17 23
17 66
17 19
17 41
17 58
17 33
17 31
17 35
17 51
17 52
17 36
17 27
17 43
17 18
17 20
17 21
17 28
17 24
17 32
17 26
17 29
17 30
17 78
17 34
17 81
17 38
17 39
17 40
17 42
17 44
17 46
17 47
17 48
18 22
18 56
18 57
18 25
18 23
18 66
18 19
18 41
18 58
18 33
18 31
18 35
18 51
18 52
18 36
18 27
18 43
18 21
18 24
18 32
18 26
18 29
18 30
18 34
18 81
18 39
18 40
18 42
18 44
18 46
18 47
18 48
19 37
19 22
19 56
19 57
19 25
19 23
19 66
19 58
19 51
19 52
19 20
19 21
19 28
19 24
19 32
19 26
19 27
19 29
19 30
19 36
19 31
19 78
19 33
19 34
19 35
19 81
19 38
19 39
19 40
19 41
19 42
19 43
19 44
19 46
19 47
19 48
20 22
20 56
20 57
20 25
20 23
20 66
20 41
20 58
20 33
20 31
20 35
20 51
20 52
20 36
20 27
20 43
20 21
20 32
20 26
20 30
20 34
20 81
20 39
20 40
20 42
20 44
20 46
20 47
20 48
21 37
21 22
21 56
21 57
21 25
21 23
21 66
21 41
21 58
21 33
21 31
21 35
21 51
21 52
21 36
21 27
21 43
21 28
21 24
21 32
21 26
21 29
21 30
21 78
21 34
21 81
21 38
21 39
21 40
21 42
21 44
21 46
21 47
21 48
22 37
22 25
22 23
22 66
22 58
22 56
22 57
22 51
22 52
22 28
22 24
22 32
22 26
22 27
22 29
22 30
22 36
22 31
22 78
22 33
22 34
22 35
22 81
22 38
22 39
22 40
22 41
22 42
22 43
22 44
22 46
22 47
22 48
23 37
23 56
23 57
23 25
23 66
23 58
23 51
23 52
23 28
23 24
23 32
23 26
23 27
23 29
23 30
23 36
23 31
23 78
23 33
23 34
23 35
23 81
23 38
23 39
23 40
23 41
23 42
23 43
23 44
23 46
23 47
23 48
24 56
24 57
24 25
24 66
24 41
24 58
24 33
24 31
24 35
24 51
24 52
24 36
24 27
24 43
24 32
24 26
24 30
24 34
24 81
24 39
24 40
24 42
24 44
24 46
24 47
24 48
25 37
25 56
25 57
25 66
25 58
25 51
25 52
25 28
25 32
25 26
25 27
25 29
25 30
25 36
25 31
25 78
25 33
25 34
25 35
25 81
25 38
25 39
25 40
25 41
25 42
25 43
25 44
25 46
25 47
25 48
26 56
26 57
26 66
26 41
26 58
26 33
26 31
26 35
26 51
26 52
26 36
26 27
26 43
26 28
26 32
26 29
26 30
26 81
26 39
26 40
26 42
26 44
26 46
26 47
26 48
27 56
27 57
27 66
27 41
27 58
27 33
27 31
27 35
27 51
27 52
27 36
27 28
27 32
27 29
27 30
27 34
27 81
27 39
27 40
27 42
27 43
27 44
27 46
27 47
27 48
28 56
28 57
28 66
28 41
28 58
28 33
28 31
28 35
28 51
28 52
28 36
28 43
28 32
28 30
28 34
28 81
28 39
28 40
28 42
28 44
28 46
28 47
28 48
29 56
29 57
29 66
29 41
29 58
29 33
29 31
29 35
29 51
29 52
29 36
29 43
29 32
29 30
29 34
29 81
29 39
29 40
29 42
29 44
29 46
29 47
29 48
30 67
30 37
30 56
30 57
30 66
30 41
30 58
30 33
30 31
30 35
30 51
30 52
30 36
30 43
30 32
30 78
30 34
30 81
30 38
30 39
30 40
30 42
30 44
30 46
30 47
30 48
31 37
31 56
31 57
31 66
31 41
31 58
31 33
31 51
31 52
31 32
31 36
31 78
31 34
31 35
31 81
31 38
31 39
31 40
31 42
31 43
31 44
31 46
31 47
31 48
32 37
32 56
32 57
32 66
32 41
32 58
32 33
32 35
32 51
32 52
32 36
32 43
32 78
32 34
32 81
32 38
32 39
32 40
32 42
32 44
32 46
32 47
32 48
33 67
33 37
33 56
33 57
33 66
33 41
33 58
33 51
33 52
33 36
33 78
33 34
33 35
33 81
33 38
33 39
33 40
33 42
33 43
33 44
33 46
33 47
33 48
34 37
34 56
34 57
34 66
34 41
34 58
34 35
34 51
34 52
34 36
34 43
34 81
34 39
34 40
34 42
34 44
34 46
34 47
34 48
35 37
35 56
35 57
35 66
35 41
35 58
35 51
35 52
35 36
35 81
35 39
35 40
35 42
35 43
35 44
35 46
35 47
35 48
36 37
36 56
36 57
36 66
36 41
36 58
36 51
36 52
36 78
36 81
36 38
36 39
36 40
36 42
36 43
36 44
36 46
36 47
36 48
37 66
37 58
37 56
37 57
37 51
37 52
37 81
37 39
37 40
37 42
37 44
37 46
37 47
37 48
38 56
38 57
38 58
38 51
38 52
38 81
38 40
38 42
38 44
38 46
38 47
38 48
39 56
39 57
39 66
39 41
39 58
39 51
39 52
39 43
39 81
39 40
39 42
39 44
39 46
39 47
39 48
40 56
40 57
40 66
40 41
40 58
40 51
40 52
40 43
40 78
40 81
40 42
40 44
40 46
40 47
40 48
41 56
41 57
41 66
41 58
41 51
41 52
41 81
41 42
41 43
41 44
41 46
41 47
41 48
42 56
42 57
42 66
42 58
42 51
42 52
42 43
42 78
42 81
42 44
42 46
42 47
42 48
43 57
43 66
43 58
43 51
43 52
43 81
43 46
43 48
44 56
44 57
44 66
44 58
44 51
44 52
44 78
44 81
44 46
44 47
44 48
46 56
46 57
46 66
46 51
46 52
46 78
46 81
46 47
46 48
47 56
47 57
47 66
47 51
47 52
47 78
47 81
47 48
48 56
48 57
48 66
48 51
48 52
48 78
48 81
49 60
49 83
49 71
51 56
51 57
51 66
51 58
51 52
51 78
51 81
52 56
52 57
52 66
52 58
52 78
52 81
53 73
53 54
53 69
53 82
53 79
54 82
54 79
56 66
56 58
56 57
56 78
56 81
57 66
57 58
57 78
57 81
58 66
58 78
58 81
60 71
61 76
61 64
61 77
63 64
64 76
64 77
64 80
66 81
68 76
68 77
69 82
69 79
71 83
73 76
73 79
74 76
74 77
75 76
76 77
78 81
79 82
