0 35
0 42
0 79
0 45
0 18
0 66
0 41
0 6
0 9
0 8
0 47
0 1
0 2
0 3
0 4
0 7
0 11
0 44
0 48
0 21
0 22
0 23
0 26
0 27
0 28
0 29
0 31
0 39
0 40
0 46
0 49
0 51
0 52
0 54
0 55
0 57
0 58
0 60
0 61
0 73
0 77
0 78
1 35
1 42
1 45
1 72
1 79
1 66
1 41
1 6
1 9
1 8
1 17
1 2
1 3
1 4
1 11
1 10
1 44
1 48
1 20
1 21
1 22
1 23
1 24
1 43
1 26
1 27
1 29
1 31
1 32
1 34
1 36
1 37
1 39
1 40
1 46
1 49
1 51
1 52
1 54
1 55
1 56
1 57
1 58
1 60
1 61
1 71
1 73
1 74
2 35
2 42
2 47
2 53
2 45
2 72
2 79
2 18
2 66
2 41
2 6
2 9
2 8
2 17
2 63
2 5
2 3
2 4
2 11
2 10
2 44
2 48
2 50
2 20
2 21
2 22
2 23
2 24
2 25
2 43
2 26
2 27
2 29
2 31
2 32
2 33
2 34
2 36
2 37
2 38
2 39
2 40
2 46
2 49
2 51
2 52
2 54
2 55
2 56
2 57
2 58
2 59
2 60
2 61
2 65
2 64
2 71
2 67
2 75
2 68
2 69
2 70
2 76
2 73
2 74
2 77
2 78
3 35
3 42
3 47
3 45
3 79
3 18
3 66
3 41
3 6
3 8
3 17
3 16
3 5
3 4
3 11
3 10
3 12
3 13
3 14
3 15
3 44
3 48
3 19
3 20
3 21
3 22
3 23
3 24
3 25
3 43
3 26
3 27
3 28
3 29
3 30
3 32
3 37
3 40
3 46
3 49
3 52
3 54
3 57
3 58
3 60
3 73
4 35
4 42
4 45
4 18
4 66
4 41
4 6
4 8
4 17
4 16
4 5
4 7
4 11
4 10
4 12
4 13
4 14
4 15
4 44
4 48
4 20
4 21
4 22
4 23
4 24
4 25
4 43
4 26
4 27
4 28
4 29
4 30
4 49
4 52
4 54
4 55
4 57
4 58
4 73
4 77
4 78
5 35
5 42
5 47
5 79
5 18
5 66
5 41
5 6
5 9
5 8
5 7
5 48
5 21
5 22
5 23
5 26
5 27
5 29
5 31
5 39
5 40
5 49
5 51
5 52
5 57
5 60
5 61
5 73
5 77
5 78
5 20
5 25
5 34
5 37
6 35
6 42
6 47
6 45
6 72
6 79
6 18
6 66
6 41
6 17
6 16
6 63
6 9
6 8
6 7
6 11
6 10
6 12
6 13
6 14
6 15
6 44
6 48
6 50
6 19
6 20
6 21
6 22
6 23
6 24
6 25
6 43
6 26
6 27
6 28
6 29
6 30
6 31
6 32
6 33
6 34
6 36
6 37
6 38
6 39
6 40
6 46
6 51
6 52
6 54
6 55
6 56
6 57
6 58
6 59
6 60
6 61
6 62
6 65
6 64
6 71
6 67
6 75
6 68
6 69
6 70
6 76
6 73
6 74
6 77
6 78
7 35
7 42
7 45
7 18
7 41
7 17
7 16
7 11
7 10
7 12
7 13
7 14
7 15
7 44
7 48
7 20
7 21
7 22
7 23
7 24
7 25
7 43
7 26
7 27
7 28
7 29
7 30
7 78
8 35
8 42
8 53
8 45
8 79
8 66
8 41
8 9
8 17
8 63
8 11
8 10
8 44
8 48
8 19
8 20
8 21
8 22
8 23
8 24
8 25
8 43
8 26
8 27
8 29
8 31
8 32
8 33
8 34
8 36
8 37
8 38
8 39
8 40
8 46
8 49
8 51
8 52
8 54
8 55
8 56
8 57
8 58
8 59
8 60
8 61
8 65
8 64
8 71
8 67
8 75
8 68
8 69
8 73
9 35
9 42
9 53
9 45
9 72
9 79
9 66
9 41
9 17
9 16
9 63
9 11
9 10
9 12
9 13
9 44
9 48
9 50
9 19
9 20
9 21
9 22
9 23
9 24
9 25
9 43
9 26
9 27
9 29
9 31
9 32
9 33
9 34
9 36
9 37
9 38
9 39
9 40
9 46
9 49
9 51
9 52
9 54
9 55
9 56
9 57
9 58
9 59
9 60
9 61
9 62
9 65
9 64
9 71
9 67
9 75
9 68
9 69
9 70
9 76
9 73
9 74
10 35
10 42
10 47
10 45
10 79
10 18
10 66
10 41
10 11
10 44
10 48
10 21
10 22
10 23
10 26
10 27
10 28
10 29
10 31
10 39
10 40
10 46
10 49
10 51
10 52
10 54
10 57
10 58
10 60
10 61
10 73
10 77
10 78
10 17
10 12
10 13
10 14
10 15
10 20
10 24
10 43
10 30
10 34
10 75
10 68
11 35
11 42
11 47
11 45
11 79
11 18
11 66
11 41
11 17
11 14
11 15
11 44
11 48
11 20
11 21
11 22
11 23
11 24
11 43
11 26
11 27
11 28
11 29
11 30
11 31
11 34
11 37
11 39
11 40
11 46
11 49
11 51
11 52
11 54
11 57
11 58
11 60
11 61
11 75
11 73
11 77
11 78
12 35
12 47
12 18
12 66
12 41
12 44
12 48
12 23
12 26
12 27
12 28
12 29
12 40
12 61
12 73
12 77
12 78
12 20
12 36
12 16
12 13
12 14
12 15
13 35
13 47
13 53
13 45
13 18
13 66
13 41
13 44
13 48
13 23
13 26
13 27
13 28
13 29
13 77
13 78
13 14
13 15
14 35
14 42
14 47
14 45
14 18
14 66
14 41
14 44
14 48
14 23
14 27
14 28
14 29
14 61
14 77
14 78
14 17
14 20
14 24
14 43
14 15
15 47
15 45
15 18
15 41
15 44
15 27
15 28
15 77
15 78
15 20
15 24
15 43
16 35
16 47
16 45
16 18
16 66
16 41
16 48
16 23
16 26
16 27
16 29
16 52
16 61
16 73
16 77
16 78
17 35
17 42
17 47
17 45
17 79
17 18
17 66
17 41
17 44
17 48
17 21
17 22
17 23
17 26
17 27
17 28
17 29
17 31
17 39
17 40
17 49
17 51
17 52
17 54
17 57
17 58
17 60
17 61
17 73
17 77
17 78
17 20
17 24
17 43
18 35
18 42
18 47
18 45
18 66
18 41
18 44
18 48
18 20
18 21
18 22
18 23
18 24
18 25
18 43
18 26
18 27
18 28
18 29
18 30
18 61
18 77
18 78
19 35
19 42
19 45
19 79
19 66
19 41
19 44
19 48
19 23
19 27
19 29
19 39
19 40
19 52
19 55
19 57
19 58
19 60
19 61
19 63
19 50
19 24
19 36
19 38
19 56
19 59
20 35
20 42
20 47
20 53
20 45
20 79
20 66
20 41
20 44
20 48
20 21
20 22
20 23
20 26
20 27
20 28
20 29
20 31
20 39
20 40
20 46
20 49
20 51
20 52
20 54
20 57
20 58
20 60
20 61
20 73
20 77
20 78
20 24
20 43
20 34
21 35
21 42
21 47
21 45
21 79
21 66
21 41
21 44
21 48
21 22
21 23
21 24
21 25
21 43
21 26
21 27
21 28
21 29
21 31
21 32
21 33
21 34
21 36
21 37
21 38
21 39
21 40
21 46
21 49
21 51
21 52
21 54
21 55
21 56
21 57
21 58
21 60
21 61
21 65
21 64
21 71
21 73
21 77
21 78
22 35
22 42
22 47
22 45
22 79
22 66
22 41
22 44
22 48
22 23
22 24
22 43
22 26
22 27
22 29
22 31
22 34
22 36
22 37
22 38
22 39
22 40
22 46
22 49
22 51
22 52
22 54
22 57
22 58
22 60
22 61
22 65
22 73
22 77
22 78
23 35
23 42
23 47
23 53
23 45
23 72
23 79
23 66
23 41
23 44
23 48
23 63
23 50
23 24
23 25
23 43
23 26
23 27
23 28
23 29
23 30
23 31
23 32
23 33
23 34
23 36
23 38
23 39
23 40
23 46
23 49
23 51
23 52
23 54
23 55
23 56
23 57
23 58
23 59
23 60
23 61
23 62
23 65
23 64
23 71
23 67
23 75
23 68
23 69
23 70
23 76
23 73
23 74
23 77
23 78
24 35
24 42
24 47
24 53
24 45
24 79
24 66
24 41
24 44
24 48
24 26
24 27
24 28
24 29
24 31
24 39
24 40
24 49
24 51
24 52
24 54
24 57
24 58
24 60
24 61
24 73
24 77
24 78
24 43
24 34
25 35
25 42
25 47
25 79
25 66
25 41
25 44
25 48
25 26
25 27
25 29
25 40
25 49
25 51
25 54
25 57
25 58
25 60
25 61
25 73
25 77
25 78
25 68
26 35
26 42
26 47
26 53
26 45
26 72
26 79
26 66
26 41
26 44
26 48
26 63
26 50
26 43
26 27
26 28
26 29
26 31
26 32
26 33
26 34
26 36
26 37
26 38
26 39
26 40
26 46
26 49
26 51
26 52
26 54
26 55
26 56
26 57
26 58
26 59
26 60
26 61
26 65
26 64
26 71
26 67
26 75
26 68
26 69
26 70
26 76
26 73
26 74
26 77
26 78
27 35
27 42
27 47
27 53
27 45
27 72
27 79
27 66
27 41
27 44
27 48
27 63
27 50
27 43
27 28
27 29
27 30
27 31
27 32
27 33
27 34
27 36
27 37
27 38
27 39
27 40
27 46
27 49
27 51
27 52
27 54
27 55
27 56
27 57
27 58
27 59
27 60
27 61
27 62
27 65
27 64
27 71
27 67
27 75
27 68
27 69
27 70
27 76
27 73
27 74
27 77
27 78
28 35
28 42
28 47
28 53
28 45
28 66
28 41
28 44
28 48
28 43
28 29
28 30
28 70
28 77
28 78
29 35
29 42
29 47
29 45
29 72
29 79
29 66
29 41
29 44
29 48
29 63
29 50
29 43
29 30
29 31
29 32
29 33
29 34
29 36
29 37
29 38
29 39
29 40
29 46
29 51
29 52
29 54
29 55
29 56
29 57
29 58
29 59
29 60
29 61
29 62
29 65
29 64
29 71
29 67
29 75
29 68
29 69
29 70
29 76
29 73
29 74
29 77
29 78
30 35
30 47
30 66
30 41
30 48
30 77
30 78
31 35
31 42
31 45
31 79
31 66
31 41
31 44
31 48
31 32
31 34
31 36
31 37
31 39
31 40
31 46
31 49
31 51
31 52
31 54
31 56
31 57
31 58
31 60
31 61
31 65
31 73
32 35
32 42
32 53
32 45
32 79
32 66
32 41
32 44
32 48
32 40
32 49
32 54
32 57
32 58
32 60
32 61
32 73
32 38
33 35
33 42
33 79
33 66
33 41
33 44
33 48
33 40
33 49
33 54
33 57
33 58
33 60
33 61
33 73
34 35
34 42
34 45
34 79
34 66
34 41
34 44
34 48
34 39
34 40
34 49
34 51
34 52
34 54
34 57
34 58
34 60
34 61
34 73
34 36
34 37
35 42
35 79
35 45
35 63
35 66
35 41
35 47
35 44
35 48
35 50
35 43
35 36
35 37
35 38
35 39
35 40
35 46
35 49
35 51
35 52
35 54
35 55
35 56
35 57
35 58
35 59
35 60
35 61
35 62
35 65
35 64
35 71
35 67
35 75
35 68
35 69
35 70
35 76
35 72
35 73
35 74
35 77
35 78
36 42
36 45
36 79
36 66
36 41
36 44
36 48
36 40
36 46
36 49
36 52
36 54
36 57
36 58
36 60
36 61
36 73
36 75
36 68
37 42
37 79
37 66
37 41
37 48
37 40
37 49
37 54
37 57
37 58
37 60
37 61
37 73
38 42
38 79
38 66
38 41
38 44
38 48
38 40
38 49
38 54
38 57
38 58
38 60
38 61
38 73
39 42
39 45
39 79
39 66
39 41
39 44
39 48
39 40
39 46
39 49
39 51
39 52
39 54
39 57
39 58
39 60
39 61
39 73
40 42
40 53
40 45
40 72
40 79
40 66
40 41
40 44
40 48
40 63
40 50
40 43
40 46
40 49
40 51
40 52
40 54
40 55
40 56
40 57
40 58
40 59
40 60
40 61
40 65
40 64
40 71
40 67
40 75
40 68
40 69
40 70
40 76
40 73
40 74
41 42
41 47
41 45
41 72
41 79
41 66
41 63
41 44
41 48
41 50
41 43
41 46
41 49
41 51
41 52
41 54
41 55
41 56
41 57
41 58
41 59
41 60
41 61
41 62
41 65
41 64
41 71
41 67
41 75
41 68
41 69
41 70
41 76
41 73
41 74
41 77
41 78
42 79
42 45
42 53
42 63
42 66
42 47
42 44
42 48
42 50
42 43
42 46
42 49
42 51
42 52
42 54
42 55
42 56
42 57
42 58
42 59
42 60
42 61
42 65
42 64
42 71
42 67
42 75
42 68
42 69
42 70
42 76
42 72
42 73
42 74
42 77
42 78
43 47
43 45
43 66
43 44
43 48
43 46
43 49
43 52
43 54
43 57
43 58
43 60
43 61
43 73
43 77
43 78
44 47
44 45
44 79
44 66
44 48
44 46
44 49
44 51
44 52
44 54
44 55
44 56
44 57
44 58
44 60
44 61
44 65
44 64
44 71
44 67
44 75
44 68
44 73
44 77
44 78
45 47
45 79
45 66
45 48
45 50
45 49
45 51
45 52
45 54
45 57
45 58
45 59
45 60
45 61
45 73
45 77
45 78
46 79
46 66
46 48
46 49
46 51
46 52
46 54
46 57
46 58
46 60
46 61
46 73
47 66
47 48
48 53
48 72
48 79
48 66
48 63
48 50
48 49
48 51
48 52
48 54
48 55
48 56
48 57
48 58
48 59
48 60
48 61
48 62
48 65
48 64
48 71
48 67
48 75
48 68
48 69
48 70
48 76
48 73
48 74
48 77
48 78
49 53
49 72
49 79
49 63
49 51
49 52
49 54
49 55
49 56
49 57
49 58
49 59
49 60
49 61
49 65
49 64
49 71
49 67
49 75
49 68
49 69
49 70
49 76
49 73
49 74
50 72
50 66
50 52
50 57
50 60
50 61
50 73
50 75
51 79
51 66
51 54
51 57
51 58
51 60
51 61
51 73
52 53
52 66
52 63
52 54
52 55
52 57
52 58
52 60
52 61
52 71
52 75
52 68
52 73
52 74
53 79
53 63
53 56
53 58
53 61
53 71
53 76
54 79
54 66
54 55
54 56
54 57
54 58
54 60
54 61
54 65
54 64
54 71
54 67
54 75
54 68
54 69
54 73
55 66
55 57
55 58
55 60
55 61
55 73
56 66
56 57
56 58
56 60
56 61
56 73
57 79
57 66
57 63
57 58
57 59
57 60
57 61
57 65
57 64
57 71
57 67
57 75
57 68
57 69
57 76
57 73
57 74
58 79
58 66
58 60
58 61
58 65
58 64
58 71
58 67
58 75
58 68
58 69
58 73
59 66
59 60
59 61
59 73
60 72
60 79
60 66
60 63
60 61
60 65
60 64
60 71
60 67
60 75
60 68
60 69
60 70
60 76
60 73
60 74
61 72
61 79
61 66
61 63
61 62
61 65
61 64
61 71
61 67
61 75
61 68
61 69
61 70
61 76
61 73
61 74
62 66
63 66
63 73
64 79
64 66
64 73
65 79
65 66
65 73
66 72
66 79
66 71
66 67
66 75
66 68
66 69
66 70
66 76
66 73
66 74
66 77
66 78
67 73
68 73
69 73
70 73
71 73
72 73
73 79
73 75
73 76
73 74
74 75
