0 82
0 68
0 33
0 46
0 55
0 79
0 86
0 85
0 81
0 2
1 17
1 86
2 68
2 46
2 55
2 86
2 81
3 54
3 11
3 37
3 88
3 73
3 34
3 6
3 86
4 46
4 20
4 76
4 8
5 76
5 8
5 14
5 15
5 12
6 42
6 11
6 73
6 89
6 86
7 11
7 86
8 76
8 9
8 14
8 15
8 61
8 12
8 74
9 76
10 24
10 42
10 11
10 62
10 86
10 56
11 42
11 35
11 23
11 34
11 86
11 56
12 76
12 14
12 15
13 64
13 49
13 39
13 76
13 91
13 14
14 64
14 76
14 39
14 15
14 91
15 76
15 91
16 86
17 30
17 31
17 27
17 37
17 86
17 57
18 21
18 32
18 55
18 86
19 24
19 89
19 47
19 86
19 42
19 56
20 26
20 71
20 38
20 43
20 45
20 50
20 66
21 32
21 46
21 70
21 36
21 37
21 35
21 86
21 88
21 67
22 29
22 25
22 86
22 63
23 55
23 79
23 86
24 62
24 86
25 86
26 38
26 43
26 44
26 45
26 50
27 30
27 31
27 37
27 34
27 86
27 67
27 52
27 57
28 76
29 86
29 63
30 31
30 37
30 86
31 86
31 67
32 42
32 35
32 46
32 47
32 34
32 86
33 82
33 68
33 46
33 81
33 79
33 86
34 42
34 35
34 89
34 62
34 86
34 58
35 46
35 89
35 70
35 37
35 55
35 60
35 47
35 86
36 37
36 86
36 88
36 52
37 70
37 62
37 86
37 67
37 57
38 71
38 43
38 44
38 45
38 50
38 66
39 76
39 91
40 76
41 54
41 86
42 89
42 86
42 52
42 56
43 71
43 66
43 44
43 45
43 50
44 66
44 45
44 50
45 66
45 50
46 82
46 68
46 81
46 85
46 55
46 79
46 86
47 89
47 86
48 76
49 76
50 71
50 69
50 66
51 76
51 61
52 70
52 88
52 86
52 89
53 86
54 86
54 56
55 82
55 68
55 81
55 85
55 79
55 86
55 72
56 86
57 88
57 89
57 86
58 86
59 88
59 86
60 86
61 76
62 86
63 86
64 76
65 87
65 86
66 71
67 86
68 82
68 81
68 85
68 79
68 86
70 84
70 86
70 88
72 86
73 86
74 76
75 86
76 90
76 83
76 91
76 77
76 78
79 82
79 81
79 85
79 86
80 86
81 82
81 86
81 85
82 85
82 86
84 86
85 86
86 88
86 87
86 89
