0 63
0 48
0 45
0 15
1 15
2 47
2 77
2 15
2 45
3 15
3 92
3 32
3 33
4 15
5 81
5 71
5 43
5 37
5 15
5 45
6 47
6 22
6 15
6 35
7 16
7 65
7 15
7 86
7 91
8 81
8 18
8 43
8 41
8 52
8 12
8 13
8 15
9 46
9 15
10 15
10 86
11 23
11 27
11 85
11 15
12 81
12 23
12 27
12 13
12 19
12 15
13 81
13 27
13 59
13 19
13 15
14 50
14 96
14 80
14 17
14 24
14 62
14 75
14 59
14 63
14 15
14 53
15 50
15 96
15 16
15 80
15 28
15 93
15 81
15 18
15 71
15 43
15 40
15 44
15 17
15 37
15 67
15 29
15 24
15 74
15 23
15 70
15 41
15 85
15 46
15 27
15 58
15 83
15 55
15 57
15 75
15 47
15 22
15 52
15 59
15 62
15 54
15 65
15 87
15 89
15 26
15 78
15 63
15 77
15 48
15 20
15 45
15 95
15 53
15 61
15 19
15 79
15 30
15 39
15 86
15 56
15 76
15 84
15 88
15 73
15 82
15 90
15 60
15 72
15 92
15 66
15 51
15 42
15 94
15 21
15 25
15 64
15 68
15 69
15 49
15 91
15 31
15 32
15 33
15 34
15 35
15 36
15 38
16 24
16 39
16 40
16 77
17 71
17 62
17 24
17 37
17 30
17 74
18 96
18 81
18 43
18 19
18 27
18 77
19 81
19 40
19 23
19 27
19 61
19 30
19 39
21 84
22 80
22 44
22 29
22 47
22 79
23 81
23 61
23 27
23 85
24 50
24 74
24 63
24 47
27 81
27 85
27 61
28 96
28 74
28 63
28 58
29 30
29 59
29 56
30 59
30 62
31 47
32 49
32 92
32 33
32 34
33 42
33 49
33 92
33 34
34 84
34 42
34 92
37 71
37 43
37 89
37 47
40 50
40 71
40 47
40 78
41 96
42 83
42 51
42 84
42 92
42 49
43 81
43 71
43 61
43 47
43 45
44 61
44 79
45 67
45 75
45 47
45 48
45 95
45 82
45 68
46 83
46 84
47 71
47 67
47 75
47 86
47 48
47 78
47 82
47 87
47 53
48 57
48 75
48 63
48 95
49 84
49 92
53 75
53 63
53 95
54 59
56 96
56 80
56 78
57 67
57 75
57 63
57 95
58 74
58 77
58 63
59 96
59 80
59 70
59 62
59 86
60 96
60 71
60 72
61 81
62 67
62 74
62 78
62 90
63 71
63 74
63 75
63 95
64 93
65 86
67 75
67 95
67 82
67 68
71 87
73 86
75 80
75 95
75 82
76 83
76 84
77 80
77 79
79 80
81 82
82 95
84 88
84 92
