0 73
0 74
0 78
0 82
0 79
0 84
0 37
0 72
0 76
0 77
0 81
0 75
0 80
0 83
0 41
0 85
0 86
0 87
0 88
0 89
0 92
0 94
0 95
0 96
0 3
0 16
0 21
0 22
0 24
0 25
0 27
1 36
1 70
1 72
1 73
1 74
1 75
1 76
1 77
1 78
1 79
1 80
1 81
1 82
1 83
1 84
1 37
1 38
1 41
1 42
1 43
1 44
1 45
1 46
1 47
1 48
1 49
1 50
1 52
1 54
1 56
1 55
1 57
1 58
1 59
1 60
1 61
1 62
1 63
1 64
1 65
1 66
1 4
1 5
1 8
1 9
1 10
1 11
1 12
1 13
1 40
2 73
2 74
2 78
2 79
2 37
2 72
2 81
2 48
2 75
2 80
2 43
2 44
3 73
3 74
3 78
3 82
3 79
3 84
3 37
3 72
3 76
3 77
3 81
3 40
3 75
3 80
3 83
3 41
3 85
3 86
3 87
3 88
3 89
3 92
3 93
3 96
3 16
3 22
4 36
4 73
4 74
4 78
4 82
4 70
4 79
4 84
4 54
4 57
4 61
4 37
4 72
4 58
4 76
4 77
4 42
4 45
4 46
4 48
4 49
4 62
4 64
4 75
4 80
4 83
4 38
4 41
4 43
4 44
4 47
4 50
4 52
4 56
4 55
4 59
4 60
4 65
4 66
4 5
4 8
4 9
4 10
4 11
4 12
4 13
4 40
5 36
5 73
5 74
5 78
5 82
5 70
5 79
5 84
5 54
5 57
5 61
5 37
5 72
5 58
5 76
5 77
5 42
5 45
5 46
5 48
5 49
5 62
5 64
5 75
5 80
5 83
5 38
5 41
5 43
5 44
5 47
5 50
5 52
5 56
5 55
5 59
5 60
5 65
5 8
5 9
5 10
5 11
5 12
5 13
5 40
6 73
6 74
6 78
6 82
6 70
6 57
6 61
6 37
6 72
6 77
6 8
6 10
6 40
6 75
6 80
6 43
6 44
6 47
6 50
6 52
6 56
6 59
6 9
6 12
6 13
7 73
7 74
7 78
7 82
7 70
7 57
7 61
7 37
7 72
7 77
7 62
7 8
7 10
7 11
7 40
7 75
7 80
7 43
7 44
7 47
7 50
7 52
7 56
7 59
7 9
7 12
7 13
8 36
8 73
8 74
8 78
8 82
8 70
8 79
8 54
8 57
8 61
8 37
8 72
8 58
8 76
8 77
8 42
8 45
8 46
8 48
8 49
8 62
8 75
8 80
8 38
8 41
8 43
8 44
8 47
8 50
8 52
8 56
8 55
8 59
8 60
8 9
8 10
8 11
8 12
8 13
8 15
8 40
9 36
9 73
9 74
9 78
9 82
9 70
9 79
9 54
9 57
9 61
9 37
9 72
9 58
9 76
9 77
9 42
9 45
9 46
9 48
9 49
9 62
9 10
9 11
9 40
9 75
9 80
9 38
9 41
9 43
9 44
9 47
9 50
9 52
9 56
9 55
9 59
9 60
9 12
9 13
9 14
9 15
10 36
10 73
10 74
10 78
10 82
10 70
10 79
10 54
10 57
10 61
10 37
10 72
10 58
10 76
10 77
10 42
10 45
10 46
10 48
10 49
10 62
10 75
10 80
10 38
10 41
10 43
10 44
10 47
10 50
10 52
10 56
10 55
10 59
10 60
10 11
10 12
10 13
10 15
10 40
11 36
11 73
11 74
11 78
11 82
11 70
11 79
11 54
11 57
11 61
11 37
11 72
11 58
11 76
11 77
11 42
11 45
11 46
11 48
11 49
11 62
11 75
11 80
11 38
11 41
11 43
11 44
11 47
11 50
11 52
11 56
11 55
11 59
11 60
11 12
11 13
11 40
12 36
12 73
12 74
12 78
12 82
12 70
12 79
12 54
12 57
12 61
12 37
12 72
12 58
12 76
12 77
12 42
12 45
12 46
12 48
12 49
12 62
12 75
12 80
12 38
12 41
12 43
12 44
12 47
12 50
12 52
12 56
12 55
12 59
12 60
12 13
12 14
12 15
13 36
13 73
13 74
13 78
13 82
13 70
13 79
13 54
13 57
13 61
13 37
13 72
13 58
13 76
13 77
13 42
13 45
13 46
13 48
13 49
13 62
13 40
13 75
13 80
13 38
13 41
13 43
13 44
13 47
13 50
13 52
13 56
13 55
13 59
13 60
13 14
13 15
14 73
14 74
14 78
14 70
14 57
14 61
14 37
14 75
14 80
14 43
14 44
14 47
14 50
14 52
14 56
14 59
15 73
15 74
15 78
15 82
15 70
15 57
15 61
15 37
15 72
15 77
15 40
15 75
15 80
15 43
15 44
15 47
15 50
15 52
15 56
15 59
16 71
16 73
16 74
16 78
16 82
16 79
16 84
16 37
16 72
16 76
16 77
16 81
16 49
16 75
16 80
16 83
16 95
16 85
16 86
16 87
16 88
16 89
16 91
16 92
16 93
16 94
16 96
16 21
16 24
16 25
16 31
17 73
17 78
17 84
17 37
17 72
17 81
17 80
17 43
17 86
18 73
18 74
18 78
18 82
18 79
18 84
18 37
18 72
18 76
18 77
18 81
18 75
18 80
18 83
18 38
18 86
18 88
18 89
19 37
19 81
19 45
20 73
20 74
20 78
20 82
20 79
20 84
20 37
20 72
20 77
20 81
20 75
20 83
20 86
20 87
20 91
20 93
20 94
20 39
20 51
21 73
21 74
21 78
21 82
21 79
21 84
21 37
21 72
21 76
21 77
21 81
21 75
21 80
21 83
21 95
21 85
21 86
21 87
21 88
21 89
21 91
21 92
21 93
21 94
21 96
21 22
21 23
21 24
21 25
22 71
22 73
22 74
22 78
22 82
22 79
22 84
22 37
22 72
22 76
22 77
22 81
22 75
22 80
22 83
22 95
22 85
22 86
22 87
22 88
22 89
22 91
22 92
22 93
22 94
22 96
22 24
22 25
22 27
22 30
23 71
23 74
23 78
23 37
23 72
23 80
23 24
23 25
24 71
24 73
24 74
24 78
24 82
24 79
24 84
24 37
24 72
24 76
24 77
24 81
24 75
24 80
24 83
24 95
24 85
24 86
24 87
24 88
24 89
24 91
24 92
24 93
24 94
24 96
24 25
25 71
25 73
25 74
25 78
25 82
25 79
25 84
25 37
25 72
25 76
25 77
25 81
25 75
25 80
25 83
25 95
25 85
25 86
25 87
25 88
25 89
25 91
25 92
25 93
25 94
25 96
26 73
26 74
26 37
26 72
27 71
27 78
27 37
27 77
27 89
28 73
28 78
28 84
28 37
28 77
28 80
28 44
29 71
29 73
29 74
29 78
29 82
29 79
29 84
29 37
29 72
29 76
29 77
29 81
29 75
29 80
29 83
29 95
29 85
29 86
29 87
29 88
29 89
29 91
29 92
29 93
29 94
29 96
30 71
30 73
30 74
30 78
30 82
30 79
30 84
30 37
30 72
30 76
30 77
30 81
30 75
30 80
30 83
30 95
30 85
30 86
30 87
30 88
30 89
30 91
30 92
30 93
30 94
30 96
31 73
31 78
31 82
31 84
31 37
31 72
31 80
31 89
32 73
32 78
32 84
32 37
32 77
32 80
32 43
32 44
32 50
32 56
33 74
33 78
33 37
33 72
33 81
33 80
34 82
34 37
34 72
34 81
34 43
34 44
35 37
36 70
36 72
36 73
36 74
36 75
36 77
36 78
36 80
36 82
36 84
36 37
36 42
36 43
36 44
36 47
36 48
36 49
36 50
36 52
36 56
36 57
36 59
36 61
36 62
36 63
36 64
36 40
37 67
37 71
37 68
37 73
37 74
37 78
37 82
37 70
37 79
37 84
37 54
37 57
37 61
37 69
37 72
37 75
37 76
37 77
37 80
37 81
37 83
37 85
37 86
37 87
37 88
37 89
37 91
37 92
37 93
37 94
37 95
37 96
37 38
37 41
37 42
37 43
37 44
37 45
37 46
37 47
37 48
37 49
37 50
37 52
37 56
37 55
37 58
37 59
37 60
37 62
37 63
37 64
37 65
37 66
37 39
37 40
37 51
37 53
37 90
38 73
38 74
38 78
38 82
38 70
38 79
38 84
38 54
38 57
38 61
38 72
38 58
38 76
38 77
38 81
38 42
38 45
38 46
38 48
38 49
38 62
38 63
38 64
38 40
38 75
38 80
38 91
38 43
38 44
38 47
38 50
38 52
38 56
38 59
39 73
39 74
39 78
39 82
39 79
39 84
39 72
39 76
39 77
39 81
39 75
39 80
39 83
39 85
39 86
39 87
39 88
39 89
39 91
39 51
39 53
40 73
40 74
40 78
40 82
40 70
40 79
40 54
40 57
40 61
40 72
40 58
40 76
40 77
40 42
40 45
40 46
40 48
40 49
40 62
40 64
40 75
40 80
40 83
40 88
40 41
40 43
40 44
40 47
40 50
40 52
40 56
40 55
40 59
40 60
40 66
41 73
41 74
41 78
41 82
41 70
41 79
41 84
41 54
41 57
41 61
41 72
41 77
41 42
41 45
41 48
41 49
41 63
41 64
41 75
41 80
41 43
41 44
41 47
41 50
41 52
41 56
41 59
42 73
42 74
42 78
42 82
42 70
42 79
42 84
42 54
42 57
42 61
42 72
42 58
42 76
42 77
42 81
42 75
42 80
42 83
42 43
42 44
42 45
42 46
42 47
42 48
42 49
42 50
42 52
42 56
42 55
42 59
42 60
42 62
42 63
42 64
42 65
42 66
43 73
43 74
43 78
43 82
43 70
43 79
43 84
43 54
43 57
43 61
43 72
43 58
43 76
43 77
43 81
43 45
43 46
43 48
43 49
43 62
43 63
43 64
43 75
43 80
43 83
43 44
43 47
43 50
43 52
43 56
43 55
43 59
43 60
43 65
43 66
44 73
44 74
44 78
44 82
44 70
44 79
44 84
44 54
44 57
44 61
44 72
44 58
44 76
44 77
44 81
44 45
44 46
44 48
44 49
44 62
44 63
44 64
44 75
44 80
44 83
44 47
44 50
44 52
44 56
44 55
44 59
44 60
44 65
44 66
45 73
45 74
45 78
45 82
45 70
45 79
45 84
45 54
45 57
45 61
45 72
45 58
45 76
45 77
45 81
45 75
45 80
45 83
45 46
45 47
45 48
45 49
45 50
45 52
45 56
45 55
45 59
45 60
45 62
45 63
45 64
45 65
45 66
46 73
46 74
46 78
46 82
46 70
46 79
46 84
46 54
46 57
46 61
46 72
46 58
46 76
46 77
46 81
46 75
46 80
46 83
46 88
46 47
46 48
46 49
46 50
46 52
46 56
46 55
46 59
46 60
46 62
46 63
46 64
46 65
46 66
47 73
47 74
47 78
47 82
47 70
47 79
47 84
47 54
47 57
47 61
47 72
47 58
47 76
47 77
47 81
47 48
47 49
47 62
47 63
47 64
47 75
47 80
47 83
47 50
47 52
47 56
47 55
47 59
47 60
47 66
48 73
48 74
48 78
48 82
48 70
48 79
48 84
48 54
48 57
48 61
48 72
48 58
48 76
48 77
48 81
48 75
48 80
48 83
48 49
48 50
48 52
48 56
48 55
48 59
48 60
48 62
48 63
48 64
48 65
48 66
49 73
49 74
49 78
49 82
49 70
49 79
49 84
49 54
49 57
49 61
49 72
49 58
49 76
49 77
49 81
49 75
49 80
49 83
49 50
49 52
49 56
49 55
49 59
49 60
49 62
49 63
49 64
49 65
49 66
50 73
50 74
50 78
50 82
50 70
50 79
50 84
50 54
50 57
50 61
50 72
50 58
50 76
50 77
50 81
50 62
50 63
50 64
50 75
50 80
50 83
50 52
50 56
50 55
50 59
50 60
50 66
51 73
51 74
51 78
51 82
51 79
51 84
51 72
51 76
51 77
51 81
51 75
51 80
51 83
51 85
51 86
51 87
51 88
51 89
51 91
51 53
52 73
52 74
52 78
52 82
52 70
52 79
52 84
52 54
52 57
52 61
52 72
52 58
52 76
52 77
52 81
52 62
52 63
52 64
52 75
52 80
52 83
52 56
52 55
52 59
52 60
52 65
52 66
53 73
53 74
53 78
53 82
53 79
53 84
53 72
53 76
53 75
53 83
53 86
53 91
53 93
53 94
54 73
54 74
54 78
54 82
54 70
54 79
54 84
54 72
54 75
54 76
54 77
54 80
54 81
54 83
54 56
54 55
54 57
54 58
54 59
54 60
54 61
54 62
54 63
54 64
54 65
54 66
55 73
55 74
55 78
55 82
55 70
55 79
55 84
55 57
55 61
55 72
55 76
55 77
55 81
55 62
55 63
55 64
55 75
55 80
55 56
55 59
56 73
56 74
56 78
56 82
56 70
56 79
56 84
56 57
56 61
56 72
56 58
56 76
56 77
56 81
56 62
56 63
56 64
56 75
56 80
56 83
56 88
56 59
56 60
56 65
56 66
57 73
57 74
57 78
57 82
57 70
57 79
57 84
57 72
57 75
57 76
57 77
57 80
57 81
57 83
57 58
57 59
57 60
57 61
57 62
57 63
57 64
57 66
58 73
58 74
58 78
58 82
58 70
58 79
58 84
58 61
58 72
58 75
58 76
58 77
58 80
58 81
58 59
58 62
58 63
58 64
58 65
58 66
59 73
59 74
59 78
59 82
59 70
59 79
59 84
59 61
59 72
59 76
59 77
59 62
59 63
59 64
59 75
59 80
59 83
59 60
59 66
60 73
60 74
60 78
60 82
60 70
60 79
60 84
60 61
60 72
60 76
60 77
60 81
60 62
60 63
60 64
60 75
60 80
61 73
61 74
61 78
61 82
61 70
61 79
61 84
61 72
61 75
61 76
61 77
61 80
61 81
61 83
61 88
61 92
61 62
61 63
61 64
61 65
61 66
62 73
62 74
62 78
62 82
62 70
62 79
62 84
62 72
62 76
62 77
62 81
62 75
62 80
62 63
62 64
62 66
63 73
63 74
63 78
63 82
63 70
63 79
63 84
63 72
63 76
63 77
63 75
63 80
63 83
63 64
63 65
63 66
64 73
64 74
64 78
64 82
64 70
64 79
64 84
64 72
64 76
64 77
64 81
64 75
64 80
64 83
64 86
64 65
64 66
65 78
65 79
65 84
65 76
65 81
66 73
66 74
66 78
66 70
66 79
66 84
66 72
66 76
66 81
66 75
66 80
67 68
69 71
69 73
69 74
69 78
69 82
69 79
69 84
69 72
69 76
69 77
69 81
69 75
69 80
69 83
69 85
69 86
69 87
69 88
69 89
69 91
69 92
69 93
69 94
69 95
69 96
70 73
70 74
70 78
70 82
70 72
70 75
70 76
70 77
70 79
70 80
70 83
70 84
71 72
71 73
71 74
71 75
71 76
71 77
71 78
71 79
71 80
71 81
71 82
71 83
71 84
71 85
71 86
71 87
71 88
71 89
71 91
71 92
71 93
71 94
71 95
71 96
72 73
72 74
72 78
72 82
72 79
72 84
72 75
72 76
72 77
72 80
72 81
72 83
72 85
72 86
72 87
72 88
72 89
72 91
72 92
72 93
72 94
72 95
72 96
73 74
73 75
73 76
73 77
73 78
73 79
73 80
73 81
73 82
73 83
73 84
73 85
73 86
73 87
73 89
73 91
73 93
73 94
73 95
74 75
74 76
74 77
74 78
74 79
74 80
74 81
74 82
74 83
74 84
74 85
74 86
74 87
74 88
74 89
74 91
74 92
74 93
74 94
74 95
74 96
75 78
75 82
75 79
75 84
75 76
75 77
75 81
75 80
75 83
75 85
75 87
75 88
75 91
75 93
75 94
75 95
76 78
76 82
76 79
76 84
76 77
76 80
76 81
76 83
76 85
76 86
76 87
76 88
76 91
76 93
76 94
76 95
77 78
77 82
77 79
77 84
77 80
77 81
77 83
77 85
77 86
77 87
77 88
77 89
77 91
77 93
77 94
77 95
78 79
78 80
78 81
78 82
78 83
78 84
78 85
78 86
78 87
78 88
78 89
78 91
78 93
78 94
78 95
79 82
79 80
79 81
79 83
79 84
79 87
79 88
79 91
79 93
79 94
79 95
80 82
80 84
80 81
80 83
80 85
80 86
80 89
80 91
80 93
80 94
80 95
81 82
81 84
81 83
81 85
81 86
81 87
81 88
81 89
81 91
81 92
81 93
81 94
81 95
81 96
82 83
82 84
82 85
82 86
82 87
82 88
82 89
82 91
82 93
82 94
82 95
83 84
83 85
83 86
83 87
83 88
83 89
83 91
83 93
83 94
83 95
83 96
84 85
84 86
84 87
84 89
84 91
84 93
84 94
84 95
85 95
85 86
85 87
85 88
85 91
85 93
85 94
86 95
86 87
86 88
86 89
86 91
86 92
86 93
86 94
87 95
87 88
87 89
87 91
87 93
87 94
88 95
88 91
88 93
88 94
89 95
89 91
89 93
89 94
89 96
91 95
91 92
91 93
91 94
92 95
92 93
92 94
93 95
93 94
93 96
94 95
95 96
