0 48
0 53
0 37
0 1
0 4
0 6
0 9
0 15
0 16
0 18
1 48
1 53
1 37
1 4
1 6
1 9
1 15
1 16
1 18
2 48
2 55
3 48
4 53
4 37
4 6
4 9
4 15
4 16
4 18
5 46
5 21
5 41
5 42
5 61
5 8
5 19
5 70
5 71
5 74
5 7
5 11
5 45
5 56
5 28
5 58
5 65
5 49
5 60
5 68
5 31
5 44
5 57
5 54
5 51
5 63
5 64
6 48
6 53
6 9
6 15
6 16
6 37
6 18
7 70
7 71
7 74
7 68
7 57
7 58
7 11
9 53
9 37
9 15
9 16
9 18
10 48
12 48
13 48
14 48
14 25
15 48
15 53
15 37
15 16
15 18
16 48
16 53
16 37
16 18
17 48
18 48
18 53
18 37
20 48
22 48
23 47
23 52
23 48
24 48
24 55
25 48
25 76
26 46
26 48
27 47
27 48
29 48
30 48
30 66
32 48
33 48
34 48
35 48
36 48
37 48
37 53
38 48
39 48
40 48
41 52
41 42
42 52
43 55
43 48
44 70
44 74
44 56
44 58
44 57
44 68
47 52
47 48
48 52
48 67
48 77
48 55
48 73
48 76
48 59
48 66
48 72
48 50
48 69
48 79
48 78
48 75
48 62
55 78
56 70
56 71
56 74
56 58
57 74
57 58
58 70
58 71
58 74
58 68
68 70
68 74
70 71
70 74
71 74
