0 21
0 67
0 19
0 60
0 95
0 51
0 5
0 25
0 6
0 66
0 85
0 91
0 70
0 61
0 11
0 7
0 23
0 26
0 28
0 34
0 45
0 77
0 1
0 2
0 9
0 10
0 18
0 8
0 24
0 27
0 35
0 32
0 33
0 38
0 40
0 39
0 43
0 46
0 47
0 48
0 49
0 52
0 55
0 54
0 57
0 58
0 59
0 81
0 82
0 87
0 84
0 86
0 69
0 75
0 65
0 68
0 56
0 3
0 92
0 29
0 30
0 31
0 64
0 36
0 37
0 41
0 42
0 44
0 62
0 94
0 71
0 72
0 73
0 74
0 76
0 78
0 79
0 80
0 88
0 89
0 83
0 90
0 22
0 14
0 12
0 13
0 15
0 50
0 53
0 96
0 63
0 17
0 4
0 20
0 16
0 93
1 21
1 67
1 85
1 7
1 26
1 28
1 34
1 45
1 77
1 2
1 9
1 10
1 18
1 8
1 24
1 27
1 35
1 32
1 33
1 38
1 40
1 39
1 43
1 46
1 47
1 49
1 52
1 55
1 54
1 81
1 82
1 87
1 84
1 86
1 75
1 56
1 92
1 30
1 31
1 64
1 36
1 37
1 41
1 42
1 44
1 62
1 94
1 71
1 72
1 73
1 74
1 76
1 78
1 80
1 88
1 89
1 83
1 90
1 12
1 13
1 15
1 50
1 53
1 63
2 60
2 51
2 85
2 7
2 28
2 38
2 10
2 27
2 33
2 9
2 8
2 35
2 32
2 40
2 81
2 82
2 87
2 69
2 29
2 30
2 31
2 64
2 41
2 42
2 44
2 62
2 94
2 73
2 74
2 78
2 79
2 80
2 88
2 89
4 28
5 33
7 21
7 67
7 85
7 9
7 10
7 18
7 8
7 23
7 24
7 26
7 27
7 28
7 34
7 32
7 33
7 38
7 40
7 39
7 43
7 45
7 47
7 48
7 49
7 52
7 55
7 81
7 82
7 87
7 84
7 86
7 75
7 77
7 92
7 29
7 30
7 31
7 64
7 36
7 37
7 41
7 42
7 44
7 62
7 94
7 71
7 72
7 73
7 74
7 78
7 79
7 80
7 88
7 89
7 83
7 90
7 22
7 13
7 15
7 53
7 63
8 67
8 85
8 10
8 69
8 9
8 92
8 29
8 64
8 41
8 42
8 44
8 78
8 80
9 67
9 85
9 28
9 34
9 77
9 39
9 38
9 10
9 27
9 33
9 55
9 69
9 18
9 35
9 32
9 40
9 52
9 82
9 87
9 92
9 30
9 31
9 64
9 36
9 37
9 41
9 42
9 44
9 62
9 94
9 72
9 73
9 74
9 78
9 79
9 80
9 88
9 89
9 83
9 15
9 53
10 67
10 85
10 70
10 61
10 34
10 77
10 39
10 75
10 38
10 18
10 27
10 35
10 32
10 33
10 40
10 52
10 55
10 54
10 82
10 69
10 92
10 29
10 30
10 31
10 64
10 36
10 37
10 41
10 42
10 44
10 62
10 94
10 71
10 72
10 73
10 74
10 76
10 78
10 79
10 80
10 88
10 89
10 12
10 15
10 50
10 53
11 60
11 25
12 67
12 39
12 27
12 82
12 35
12 54
12 41
12 74
13 67
13 85
13 28
13 39
13 38
13 27
13 33
13 69
13 24
13 43
13 81
13 82
13 84
13 36
13 74
15 67
15 27
15 33
15 69
15 94
15 71
16 61
18 67
18 60
18 85
18 26
18 28
18 34
18 77
18 39
18 38
18 27
18 33
18 52
18 81
18 82
18 65
18 30
18 64
18 36
18 37
18 41
18 42
18 44
18 94
18 73
18 74
18 78
18 80
18 90
19 23
19 57
19 68
20 61
21 60
21 95
21 85
21 23
21 28
21 39
21 75
21 77
23 67
23 85
23 24
23 26
23 27
23 28
23 35
23 34
23 32
23 33
23 38
23 40
23 39
23 43
23 45
23 46
23 47
23 48
23 49
23 58
23 59
23 81
23 82
23 84
23 75
23 65
23 36
24 95
24 85
24 26
24 28
24 45
24 39
24 75
24 49
24 38
24 27
24 33
24 55
24 69
24 35
24 40
24 43
24 47
24 58
24 59
24 82
24 87
24 56
24 76
25 60
25 95
25 51
25 91
25 28
25 34
25 33
25 38
25 82
25 70
25 41
25 61
26 67
26 85
26 27
26 28
26 34
26 33
26 38
26 40
26 39
26 43
26 45
26 46
26 47
26 48
26 49
26 55
26 59
26 81
26 75
26 65
27 67
27 51
27 85
27 61
27 28
27 34
27 77
27 39
27 75
27 49
27 38
27 35
27 32
27 33
27 40
27 43
27 47
27 52
27 55
27 54
27 59
27 81
27 82
27 87
27 84
27 86
27 56
27 92
27 29
27 30
27 64
27 36
27 37
27 41
27 44
27 62
27 94
27 71
27 72
27 73
27 74
27 76
27 78
27 79
27 80
27 88
27 89
27 53
28 67
28 85
28 35
28 34
28 32
28 33
28 38
28 40
28 39
28 43
28 45
28 46
28 47
28 48
28 49
28 54
28 58
28 59
28 81
28 82
28 87
28 84
28 75
28 65
28 56
28 29
28 36
28 71
28 74
28 76
28 90
28 63
29 67
29 77
29 69
29 32
29 35
29 40
29 52
29 92
29 30
29 31
29 64
29 42
29 44
29 62
29 94
29 73
29 78
29 80
29 88
29 89
30 67
30 85
30 34
30 77
30 39
30 75
30 33
30 55
30 69
30 32
30 43
30 81
30 82
30 35
30 40
30 52
30 87
30 92
30 31
30 64
30 36
30 41
30 44
30 62
30 94
30 72
30 73
30 90
31 34
31 77
31 38
31 69
31 32
31 35
31 52
31 92
31 64
31 36
31 37
31 41
31 42
31 44
31 62
31 78
31 79
31 80
31 88
31 89
32 67
32 85
32 34
32 75
32 33
32 55
32 69
32 35
32 65
32 92
32 64
32 36
32 37
32 41
32 42
32 44
32 94
32 72
32 74
32 78
32 79
32 80
32 88
32 89
33 67
33 51
33 85
33 34
33 77
33 39
33 75
33 49
33 38
33 35
33 40
33 43
33 55
33 59
33 82
33 87
33 86
33 69
33 65
33 56
33 36
33 37
33 41
33 42
33 44
33 62
33 94
33 72
33 74
33 76
33 78
33 80
33 88
33 89
33 90
34 67
34 85
34 35
34 38
34 40
34 39
34 52
34 55
34 82
34 69
34 75
34 77
34 65
34 92
34 64
34 36
34 37
34 41
34 42
34 44
34 62
34 94
34 71
34 72
34 73
34 74
34 76
34 78
34 79
34 80
34 88
34 89
34 83
34 90
35 67
35 85
35 77
35 39
35 49
35 38
35 55
35 69
35 82
35 54
35 87
35 37
35 41
35 42
35 44
35 62
35 94
35 72
35 73
35 74
35 78
35 79
35 80
35 88
35 89
36 67
36 85
36 77
36 39
36 75
36 38
36 55
36 69
36 43
36 81
36 82
36 84
36 40
36 52
36 87
36 86
36 65
36 56
36 92
36 64
36 37
36 41
36 42
36 44
36 62
36 94
36 72
36 73
36 74
36 76
36 78
36 80
36 88
36 89
36 90
36 63
37 67
37 75
37 38
37 55
37 69
37 82
37 40
37 52
37 92
37 41
37 42
37 44
37 62
37 94
37 72
37 73
37 74
37 76
38 67
38 85
38 45
38 75
38 49
38 40
38 43
38 46
38 47
38 55
38 59
38 82
38 87
38 86
38 56
38 41
38 94
38 71
38 72
38 74
38 89
38 83
38 63
39 67
39 85
39 40
39 47
39 52
39 55
39 54
39 81
39 84
39 69
39 41
39 62
39 74
40 67
40 85
40 49
40 55
40 69
40 46
40 81
40 82
40 84
40 52
40 41
40 42
40 44
40 62
40 94
40 72
40 73
40 74
40 78
40 83
40 53
41 67
41 85
41 77
41 55
41 69
41 84
41 52
41 54
41 92
41 64
41 42
41 44
41 62
41 94
41 72
41 74
41 78
41 80
41 88
41 50
42 67
42 85
42 77
42 55
42 69
42 82
42 52
42 86
42 92
42 64
42 44
42 62
42 94
42 71
42 72
42 78
42 80
42 88
42 50
43 67
43 85
43 75
43 47
43 54
43 59
43 81
43 82
43 84
43 65
43 74
44 67
44 85
44 55
44 69
44 52
44 92
44 64
44 62
44 94
44 71
44 72
44 73
44 78
44 80
44 88
45 67
45 85
45 46
45 47
45 48
45 59
46 67
46 85
46 48
46 55
46 86
46 56
47 67
47 85
47 49
47 48
47 55
47 59
48 67
48 85
48 57
48 49
48 59
49 67
49 85
49 55
49 58
49 59
50 67
50 55
50 69
50 94
50 80
51 67
51 95
51 85
51 52
51 69
52 67
52 85
52 77
52 84
52 54
52 92
52 62
52 94
52 72
52 74
52 78
52 80
52 88
53 67
53 85
53 75
53 64
53 94
54 67
54 82
54 84
55 67
55 85
55 59
55 82
55 87
55 86
55 64
55 62
55 94
55 71
55 73
55 74
55 76
55 79
55 80
55 88
55 89
55 83
56 67
56 85
56 75
56 69
56 82
56 65
56 74
56 63
58 85
59 67
59 85
62 67
62 85
62 77
62 69
62 64
62 94
62 72
62 74
62 78
62 79
62 80
62 88
62 89
63 67
63 85
63 75
63 82
63 86
63 65
63 64
63 71
63 74
64 67
64 85
64 69
64 82
64 92
64 94
64 71
64 73
64 78
64 80
65 85
65 75
65 69
65 82
65 87
65 74
67 85
67 81
67 82
67 87
67 84
67 86
67 75
67 77
67 92
67 94
67 71
67 72
67 73
67 74
67 78
67 80
67 88
67 89
67 83
69 85
69 77
69 75
69 82
69 87
69 86
69 92
69 94
69 71
69 72
69 74
69 76
69 78
69 79
69 80
69 88
69 89
69 90
71 85
71 82
71 86
71 72
71 74
71 83
72 85
72 94
72 78
72 80
73 94
73 78
73 80
74 85
74 77
74 75
74 82
74 87
74 86
74 94
74 76
75 85
75 81
75 82
75 87
75 76
75 90
76 85
76 82
76 84
77 85
77 82
77 94
78 85
78 94
78 79
78 80
79 80
79 88
79 89
80 85
80 92
80 94
80 88
81 85
81 82
81 84
82 85
82 87
82 86
82 94
82 89
82 90
83 94
84 85
85 95
85 87
85 86
85 92
85 94
85 88
85 90
88 89
