0	7	9	10	11	12	13	14	15	17	18	20	23	25	26	27	28	32	35	36	38	40	41	42	44	45	47	48	49	50	53	54	55	56	61	62	65	66	68	70	71	74	86	91	94	97	99
0	7	9	10	11	12	13	14	16	17	18	25	26	27	28	34	36	40	41	42	45	49	51	53	54	55	56	58	63	64	65	66	68	71	74	82	90	94	97	99
9	10	11	12	16	17	28	35	36	42	48	51	57	59	60	64	69	96	97	99
65	34	36	40	10	42	45	18	19	20	53	55	23	82	58	27	94
65	66	97	99	9	10	11	42	13	17	53	54	55	26
32	1	3	4	5	38	8	15	85	57	29	30
65	66	99	10	76	78	49	18	53	54	94
65	66	99	45	49	18	20	53	94
65	66	9	11	45	49
50	82	62
41	68
78	54
