0	2
0	3
0	4
0	1
0	51
0	84
1	2
1	3
1	4
1	84
2	3
2	4
2	51
2	53
2	84
3	4
3	51
3	84
4	84
5	6
5	98
6	97
6	50
6	98
7	56
7	57
7	8
7	9
7	10
7	11
7	12
7	13
7	14
7	15
8	56
8	57
8	9
8	10
8	11
8	12
8	13
8	14
8	15
9	56
9	57
9	10
9	11
9	12
9	13
9	14
9	15
10	56
10	57
10	11
10	12
10	13
10	14
10	15
11	56
11	57
11	12
11	13
11	14
11	15
12	56
12	57
12	13
12	14
12	15
13	56
13	57
13	14
13	15
14	56
14	57
14	15
15	56
15	57
16	94
16	99
17	94
17	99
17	18
17	40
17	44
17	52
17	20
17	25
17	28
17	29
17	30
17	31
17	32
17	33
17	34
17	35
17	36
17	37
17	55
18	96
18	94
18	49
18	99
18	19
18	20
18	21
18	22
18	23
18	24
18	25
18	26
18	27
18	28
18	29
18	30
18	31
18	32
18	33
18	34
18	35
18	36
18	37
18	38
18	39
18	40
18	41
18	42
18	43
18	44
18	45
18	46
18	47
18	48
18	52
19	96
19	94
19	99
19	23
19	26
19	40
19	44
19	45
19	52
19	39
19	20
19	21
19	22
19	24
19	25
19	27
19	28
19	29
19	30
19	31
19	32
19	33
19	34
19	35
19	36
19	37
19	38
19	41
19	42
19	43
19	46
19	47
19	48
20	96
20	94
20	99
20	23
20	26
20	40
20	44
20	45
20	52
20	39
20	21
20	22
20	24
20	25
20	27
20	28
20	29
20	30
20	31
20	32
20	33
20	34
20	35
20	36
20	37
20	38
20	41
20	42
20	43
20	46
20	47
20	48
21	96
21	94
21	99
21	23
21	26
21	40
21	44
21	45
21	52
21	22
21	24
21	25
21	28
21	29
21	30
21	31
21	32
21	33
21	34
21	35
21	36
21	37
21	43
21	46
21	47
21	48
22	96
22	94
22	99
22	23
22	26
22	40
22	44
22	45
22	52
22	39
22	24
22	25
22	28
22	29
22	30
22	31
22	32
22	33
22	34
22	35
22	36
22	37
22	38
22	41
22	42
22	43
22	46
22	47
22	48
23	96
23	94
23	49
23	99
23	24
23	25
23	26
23	27
23	28
23	29
23	30
23	31
23	32
23	33
23	34
23	35
23	36
23	37
23	38
23	39
23	40
23	41
23	42
23	43
23	44
23	45
23	46
23	47
23	48
23	52
24	96
24	94
24	99
24	26
24	40
24	44
24	45
24	52
24	39
24	58
24	93
24	25
24	27
24	28
24	29
24	30
24	31
24	32
24	33
24	34
24	35
24	36
24	37
24	38
24	41
24	42
24	43
24	46
24	47
24	48
25	96
25	94
25	99
25	26
25	40
25	44
25	45
25	52
25	58
25	93
25	27
25	28
25	29
25	30
25	31
25	32
25	33
25	34
25	35
25	36
25	37
25	43
25	46
25	47
25	48
26	96
26	94
26	49
26	99
26	27
26	28
26	29
26	30
26	31
26	32
26	33
26	34
26	35
26	36
26	37
26	38
26	39
26	40
26	41
26	42
26	43
26	44
26	45
26	46
26	47
26	48
26	52
27	94
27	99
27	44
27	45
27	52
27	28
27	29
27	30
27	31
27	32
27	33
27	34
27	35
27	36
27	37
28	96
28	94
28	99
28	40
28	44
28	45
28	52
28	39
28	58
28	93
28	29
28	30
28	31
28	32
28	33
28	34
28	35
28	36
28	37
28	38
28	42
28	43
28	46
28	47
28	48
29	96
29	94
29	99
29	40
29	44
29	45
29	52
29	58
29	93
29	30
29	31
29	32
29	33
29	34
29	35
29	36
29	37
29	43
29	46
29	47
29	48
30	96
30	94
30	99
30	40
30	44
30	52
30	58
30	93
30	31
30	32
30	33
30	34
30	35
30	36
30	37
30	38
30	43
30	46
30	47
30	48
31	96
31	94
31	99
31	40
31	44
31	45
31	52
31	58
31	93
31	32
31	33
31	34
31	35
31	36
31	37
31	38
31	41
31	42
31	43
31	46
31	47
31	48
32	96
32	94
32	99
32	40
32	44
32	45
32	52
32	39
32	58
32	93
32	33
32	34
32	35
32	36
32	37
32	38
32	41
32	42
32	43
32	46
32	47
32	48
33	96
33	94
33	99
33	40
33	44
33	45
33	52
33	58
33	93
33	34
33	35
33	36
33	37
33	43
33	46
33	47
33	48
34	96
34	94
34	99
34	40
34	44
34	52
34	39
34	58
34	93
34	35
34	36
34	37
34	38
34	43
34	46
34	47
34	48
35	96
35	94
35	99
35	40
35	44
35	45
35	52
35	39
35	58
35	93
35	36
35	37
35	38
35	42
35	43
35	46
35	47
35	48
36	96
36	94
36	99
36	40
36	44
36	45
36	52
36	58
36	93
36	37
36	41
36	43
36	46
36	47
36	48
37	96
37	94
37	99
37	44
37	52
37	39
37	58
37	93
37	38
37	43
38	96
38	94
38	99
38	40
38	44
38	45
38	52
38	43
38	46
38	47
38	48
39	96
39	94
39	99
39	40
39	44
39	45
39	52
39	43
39	46
39	47
39	48
39	55
40	96
40	94
40	49
40	99
40	41
40	42
40	43
40	44
40	45
40	46
40	47
40	48
40	52
41	96
41	94
41	99
41	44
41	45
41	52
41	46
41	47
41	48
42	94
42	99
42	44
42	45
42	52
42	43
42	46
42	47
42	48
43	96
43	94
43	99
43	44
43	45
43	52
43	58
43	93
43	46
43	47
43	48
44	96
44	94
44	49
44	99
44	45
44	46
44	47
44	48
44	52
45	94
45	49
45	99
45	58
45	93
45	46
45	47
45	48
45	52
46	96
46	94
46	99
46	52
46	58
46	93
46	47
46	48
47	96
47	94
47	99
47	52
47	58
47	93
47	48
48	94
48	99
49	96
49	99
49	52
50	98
51	84
52	96
52	94
52	99
52	58
52	93
53	95
53	54
53	56
53	59
53	60
53	61
53	62
53	63
53	65
53	66
53	67
53	68
53	69
53	70
53	71
53	74
53	75
53	76
53	77
53	78
53	79
53	80
53	82
53	83
53	85
53	87
53	88
53	89
53	90
53	91
53	92
53	93
54	95
54	98
54	84
54	56
54	57
54	58
54	59
54	60
54	61
54	62
54	63
54	64
54	65
54	66
54	67
54	68
54	69
54	70
54	71
54	72
54	73
54	74
54	75
54	76
54	77
54	78
54	79
54	80
54	81
54	82
54	83
55	84
56	95
56	98
56	84
56	57
56	58
56	59
56	60
56	61
56	62
56	63
56	64
56	65
56	66
56	67
56	68
56	69
56	70
56	71
56	72
56	73
56	74
56	75
56	76
56	77
56	78
56	79
56	80
56	81
56	82
56	83
56	85
56	87
56	88
56	89
56	90
56	91
56	92
56	93
57	95
57	84
57	58
57	59
57	60
57	61
57	62
57	63
57	64
57	65
57	66
57	67
57	68
57	69
57	70
57	71
57	72
57	73
57	74
57	75
57	76
57	77
57	78
57	79
57	80
57	81
57	82
57	83
57	85
57	87
57	88
57	89
57	90
57	91
57	92
57	93
58	95
58	96
58	98
58	94
58	59
58	60
58	61
58	62
58	63
58	64
58	65
58	66
58	67
58	68
58	69
58	70
58	71
58	72
58	73
58	74
58	75
58	76
58	77
58	78
58	79
58	80
58	82
58	83
58	85
58	87
58	88
58	89
58	90
58	91
58	92
58	93
59	95
59	98
59	84
59	60
59	61
59	62
59	63
59	64
59	65
59	66
59	67
59	68
59	69
59	70
59	71
59	72
59	73
59	74
59	75
59	76
59	77
59	78
59	79
59	80
59	81
59	82
59	83
59	85
59	87
59	88
59	89
59	90
59	91
59	92
59	93
60	95
60	98
60	84
60	61
60	62
60	63
60	64
60	65
60	66
60	67
60	68
60	69
60	70
60	71
60	72
60	73
60	74
60	75
60	76
60	77
60	78
60	79
60	80
60	81
60	82
60	83
60	85
60	87
60	88
60	89
60	90
60	91
60	92
60	93
61	95
61	98
61	84
61	62
61	63
61	64
61	65
61	66
61	67
61	68
61	69
61	70
61	71
61	72
61	73
61	74
61	75
61	76
61	77
61	78
61	79
61	80
61	81
61	82
61	83
61	85
61	86
61	87
61	88
61	89
61	90
61	91
61	92
61	93
62	95
62	98
62	84
62	63
62	64
62	65
62	66
62	67
62	68
62	69
62	70
62	71
62	72
62	73
62	74
62	75
62	76
62	77
62	78
62	79
62	80
62	81
62	82
62	83
62	85
62	86
62	87
62	88
62	89
62	90
62	91
62	92
62	93
63	95
63	84
63	64
63	65
63	66
63	67
63	69
63	70
63	71
63	72
63	73
63	74
63	75
63	76
63	77
63	78
63	79
63	80
63	82
63	83
63	85
63	87
63	88
63	89
63	90
63	92
63	93
64	95
64	65
64	66
64	67
64	68
64	69
64	70
64	71
64	72
64	73
64	74
64	75
64	76
64	77
64	78
64	79
64	80
64	81
64	82
64	83
64	85
64	87
64	88
64	89
64	90
64	91
64	92
64	93
65	95
65	98
65	84
65	66
65	67
65	68
65	69
65	70
65	71
65	72
65	73
65	74
65	75
65	76
65	77
65	78
65	79
65	80
65	81
65	82
65	83
65	85
65	86
65	87
65	88
65	89
65	90
65	91
65	92
65	93
66	95
66	98
66	84
66	67
66	68
66	69
66	70
66	71
66	72
66	73
66	74
66	75
66	76
66	77
66	78
66	79
66	80
66	81
66	82
66	83
66	85
66	87
66	88
66	89
66	90
66	91
66	92
66	93
67	95
67	98
67	84
67	68
67	69
67	70
67	71
67	72
67	73
67	74
67	75
67	76
67	77
67	78
67	79
67	80
67	81
67	82
67	83
67	85
67	86
67	87
67	88
67	89
67	90
67	91
67	92
67	93
68	95
68	98
68	84
68	69
68	70
68	71
68	72
68	73
68	74
68	75
68	76
68	77
68	78
68	79
68	80
68	81
68	82
68	83
68	85
68	87
68	88
68	89
68	90
68	91
68	92
68	93
69	95
69	98
69	84
69	70
69	71
69	72
69	73
69	74
69	75
69	76
69	77
69	78
69	79
69	80
69	81
69	82
69	83
69	85
69	86
69	87
69	88
69	89
69	90
69	91
69	92
69	93
70	95
70	98
70	84
70	71
70	72
70	73
70	74
70	75
70	76
70	77
70	78
70	79
70	80
70	81
70	82
70	83
70	85
70	87
70	88
70	89
70	90
70	91
70	92
70	93
71	95
71	98
71	84
71	72
71	73
71	74
71	75
71	76
71	77
71	78
71	79
71	80
71	81
71	82
71	83
71	85
71	87
71	88
71	89
71	90
71	91
71	92
71	93
72	95
72	98
72	84
72	73
72	74
72	75
72	76
72	77
72	78
72	79
72	80
72	82
72	83
72	85
72	87
72	88
72	89
72	90
72	91
72	92
72	93
73	95
73	74
73	75
73	76
73	77
73	78
73	79
73	80
73	81
73	82
73	83
73	85
73	87
73	88
73	89
73	90
73	91
73	92
73	93
74	95
74	98
74	84
74	75
74	76
74	77
74	78
74	79
74	80
74	81
74	82
74	83
74	85
74	86
74	87
74	88
74	89
74	90
74	91
74	92
74	93
75	95
75	98
75	84
75	76
75	77
75	78
75	79
75	80
75	81
75	82
75	83
75	85
75	87
75	88
75	89
75	90
75	91
75	92
75	93
76	95
76	98
76	84
76	77
76	78
76	79
76	80
76	82
76	83
76	85
76	87
76	88
76	89
76	90
76	91
76	93
77	95
77	98
77	84
77	78
77	79
77	80
77	81
77	82
77	83
77	88
77	93
78	95
78	98
78	84
78	79
78	80
78	81
78	82
78	83
78	88
78	93
79	95
79	98
79	84
79	80
79	81
79	82
79	83
79	93
80	95
80	98
80	84
80	81
80	82
80	83
80	93
81	95
81	82
81	83
81	93
82	95
82	98
82	84
82	83
82	93
83	95
83	98
83	84
83	93
84	95
84	85
84	87
84	88
84	89
84	90
84	91
84	92
84	93
85	95
85	98
85	87
85	88
85	89
85	90
85	91
85	92
85	93
86	95
86	90
87	95
87	98
87	88
87	90
87	91
88	95
88	98
88	90
89	95
89	98
89	90
89	91
90	95
90	98
90	91
90	92
91	95
91	92
92	95
92	98
93	95
93	96
93	98
93	94
94	96
94	99
95	98
96	99
97	98
