0	19
0	89
0	76
0	47
0	15
0	45
0	92
1	21
1	77
1	25
1	57
1	22
1	88
1	37
1	95
1	76
1	89
1	92
1	94
1	13
1	97
1	8
1	50
1	43
1	45
2	57
2	8
2	85
2	10
2	30
2	45
3	90
3	98
3	97
3	45
4	45
5	77
5	91
5	95
5	18
5	43
5	75
5	45
5	94
5	93
5	84
5	54
5	24
6	65
6	7
6	36
6	22
6	93
6	19
6	89
6	92
6	53
6	8
6	50
6	24
6	45
7	65
7	22
7	75
7	53
7	8
7	45
8	21
8	79
8	77
8	25
8	57
8	22
8	36
8	85
8	37
8	93
8	95
8	96
8	19
8	16
8	72
8	75
8	76
8	80
8	73
8	44
8	89
8	90
8	92
8	94
8	98
8	99
8	10
8	53
8	55
8	13
8	97
8	18
8	30
8	47
8	49
8	50
8	52
8	83
8	84
8	24
8	12
8	31
8	48
8	45
8	20
9	77
9	95
9	63
9	96
9	72
9	76
9	45
10	57
10	22
10	88
10	19
10	89
10	85
10	95
10	18
10	87
10	76
10	93
10	72
10	75
10	90
10	92
10	98
10	50
10	52
10	83
10	84
10	54
10	24
10	45
11	38
11	60
11	68
11	71
11	69
11	70
11	74
12	25
12	78
12	89
12	44
12	95
12	63
12	99
12	76
12	97
12	98
12	45
12	50
12	92
12	80
12	93
12	52
12	68
12	69
12	20
13	25
13	19
13	85
13	95
13	43
13	76
13	30
13	93
13	50
13	54
13	45
13	20
13	28
14	88
14	25
14	95
14	96
14	76
14	73
14	87
14	89
14	90
14	58
14	59
14	60
14	61
14	68
14	69
14	70
14	71
14	74
15	89
15	76
15	47
15	45
16	79
16	77
16	25
16	57
16	22
16	89
16	44
16	93
16	73
16	87
16	90
16	92
16	94
16	98
16	18
16	50
16	83
16	40
16	45
16	46
16	28
17	67
17	95
17	45
18	79
18	77
18	25
18	57
18	22
18	88
18	89
18	85
18	95
18	73
18	93
18	72
18	75
18	76
18	90
18	92
18	94
18	98
18	30
18	50
18	52
18	83
18	24
18	48
18	45
18	46
19	79
19	77
19	25
19	57
19	22
19	88
19	85
19	37
19	93
19	95
19	72
19	75
19	76
19	73
19	44
19	89
19	90
19	92
19	94
19	98
19	53
19	97
19	30
19	47
19	49
19	50
19	52
19	83
19	54
19	24
19	23
19	31
19	48
19	43
19	45
19	46
19	20
19	28
20	25
20	85
20	95
20	43
20	30
20	45
20	72
21	36
21	85
21	79
21	76
21	98
21	97
21	45
22	79
22	77
22	25
22	57
22	36
22	85
22	93
22	95
22	96
22	72
22	75
22	76
22	80
22	73
22	44
22	89
22	92
22	98
22	53
22	30
22	49
22	50
22	52
22	83
22	24
22	31
22	48
22	45
22	46
23	49
23	98
23	75
23	45
23	50
23	24
23	52
23	48
24	77
24	25
24	49
24	91
24	89
24	44
24	95
24	73
24	99
24	76
24	97
24	98
24	46
24	75
24	31
24	45
24	50
24	90
24	92
24	72
24	80
24	93
24	84
24	52
24	68
24	69
24	48
25	79
25	88
25	85
25	93
25	87
25	90
25	92
25	98
25	57
25	30
25	52
25	84
25	54
25	43
25	45
26	45
27	40
27	59
27	60
27	68
27	71
27	69
27	70
27	74
28	30
28	45
29	45
30	79
30	57
30	89
30	85
30	36
30	95
30	43
30	93
30	72
30	98
30	97
30	84
30	45
31	91
31	89
31	98
31	46
31	39
31	93
31	92
31	94
31	50
31	52
31	32
31	48
31	45
32	91
32	98
32	45
32	52
32	48
33	45
33	42
33	35
34	77
34	95
34	63
34	45
35	45
35	42
36	85
36	93
36	45
37	77
37	95
37	76
37	45
38	73
38	40
38	41
38	58
38	59
38	60
38	61
38	68
38	69
38	70
38	71
38	74
39	88
39	76
39	98
39	45
40	73
40	61
40	58
40	66
40	41
40	59
40	60
40	68
40	69
40	70
40	71
40	74
41	61
41	60
41	68
41	69
41	70
42	77
42	45
43	79
43	77
43	91
43	86
43	89
43	85
43	44
43	95
43	75
43	76
43	94
43	54
43	45
44	79
44	77
44	57
44	88
44	49
44	91
44	89
44	85
44	93
44	95
44	72
44	75
44	76
44	73
44	90
44	92
44	94
44	98
44	97
44	47
44	50
44	52
44	83
44	48
44	45
45	65
45	62
45	79
45	77
45	57
45	88
45	78
45	64
45	67
45	91
45	86
45	89
45	85
45	95
45	73
45	63
45	99
45	87
45	76
45	47
45	97
45	98
45	46
45	75
45	53
45	93
45	96
45	72
45	90
45	92
45	94
45	55
45	50
45	52
45	83
45	84
45	54
45	68
45	69
45	70
45	71
45	81
45	48
45	51
46	77
46	91
46	98
46	93
46	92
46	50
46	52
46	84
47	77
47	89
47	76
47	92
47	98
47	55
47	97
47	52
48	77
48	49
48	91
48	86
48	89
48	95
48	97
48	50
48	92
48	80
48	93
48	52
49	79
49	77
49	57
49	67
49	93
49	95
49	96
49	72
49	75
49	76
49	89
49	92
49	98
49	99
49	52
49	54
49	68
49	69
50	79
50	77
50	57
50	89
50	85
50	95
50	73
50	76
50	97
50	98
50	75
50	53
50	93
50	72
50	80
50	90
50	92
50	94
50	52
50	83
50	84
51	95
51	72
52	79
52	77
52	57
52	91
52	89
52	85
52	95
52	73
52	97
52	75
52	90
52	92
52	72
52	80
52	93
53	77
53	78
53	85
53	95
53	76
53	84
54	79
54	57
54	91
54	89
54	85
54	95
54	75
54	55
54	94
54	72
55	85
55	73
55	98
55	93
55	96
55	92
56	68
56	69
56	70
57	79
57	77
57	85
57	93
57	72
57	76
57	73
57	89
57	90
57	92
57	94
57	98
57	83
57	84
58	88
58	61
58	59
58	60
58	68
58	69
58	70
58	71
58	74
58	66
58	82
59	73
59	68
59	69
59	71
59	74
60	61
60	66
60	68
60	69
60	70
60	71
60	74
61	88
61	68
61	69
61	70
61	66
61	82
62	65
63	77
63	95
63	76
65	75
65	89
66	68
66	69
66	70
66	74
68	89
68	97
68	98
68	92
68	80
68	69
68	70
68	71
68	74
68	82
69	89
69	97
69	80
69	71
69	82
69	70
69	74
70	89
70	71
70	74
71	74
72	79
72	77
72	88
72	89
72	85
72	95
72	76
72	98
72	75
72	94
72	96
72	93
72	83
72	84
73	77
73	88
73	89
73	85
73	95
73	93
73	76
73	87
73	90
73	92
73	94
73	98
73	97
73	83
75	77
75	91
75	89
75	95
75	76
75	98
75	93
75	90
75	92
75	94
75	84
76	79
76	77
76	88
76	86
76	89
76	85
76	95
76	99
76	87
76	93
76	96
76	80
76	90
76	92
76	94
76	98
76	97
76	84
77	79
77	88
77	86
77	93
77	95
77	80
77	89
77	90
77	92
77	98
77	97
77	83
77	84
78	85
79	85
79	93
79	89
79	92
79	98
79	83
79	84
80	89
80	85
80	95
80	99
80	98
80	92
80	96
80	93
81	91
81	86
81	89
83	88
83	89
83	85
83	95
83	87
83	97
83	98
83	90
83	92
83	93
83	84
84	88
84	86
84	89
84	85
84	95
84	98
84	94
84	92
84	93
85	89
85	93
85	95
85	96
85	90
85	92
85	98
85	97
86	91
86	95
86	89
86	92
86	98
86	97
87	88
87	93
87	90
87	92
88	89
88	90
88	92
89	93
89	95
89	90
89	92
89	94
89	98
89	99
89	97
90	95
90	99
90	98
90	93
90	92
91	93
91	96
91	94
91	98
91	99
92	95
92	99
92	97
92	98
92	94
92	93
93	95
93	97
93	98
93	94
93	96
94	95
95	98
95	97
96	98
97	98
98	99
